[[[8.08247113e+01 8.35070181e+00 6.36546394e+00 3.49434309e+00
   9.64779887e-01]
  [8.41249001e+01 6.97549285e+00 5.23171878e+00 2.96191857e+00
   7.05969669e-01]
  [8.80783240e+01 5.23861007e+00 4.09965023e+00 2.07838143e+00
   5.05034271e-01]
  ...
  [9.75629751e+01 1.09911417e+00 5.82360792e-01 5.57654018e-01
   1.97895897e-01]
  [9.72215908e+01 1.05709031e+00 7.96736401e-01 6.54921232e-01
   2.69661302e-01]
  [8.17419807e+01 6.51742862e+00 5.33739909e+00 4.76848049e+00
   1.63471110e+00]]

 [[8.76482858e+01 7.15677418e+00 2.25060571e+00 2.02669647e+00
   9.17637867e-01]
  [8.86918751e+01 6.51162229e+00 2.12032884e+00 1.84913998e+00
   8.27033833e-01]
  [8.00185795e+01 1.21077761e+01 3.69069917e+00 3.22815093e+00
   9.54794353e-01]
  ...
  [8.37229834e+01 2.69334984e+00 1.11049661e+00 7.30350260e+00
   5.16966758e+00]
  [9.29793899e+01 1.81187642e+00 6.08542669e-01 2.52875634e+00
   2.07143466e+00]
  [6.05348518e+01 1.25919879e+01 9.93093242e+00 1.34580552e+01
   3.48417271e+00]]

 [[5.84351158e+01 1.01822950e+01 1.56875943e+01 1.20241597e+01
   3.67083518e+00]
  [6.38462777e+01 9.59254994e+00 1.35841293e+01 1.03810334e+01
   2.59600962e+00]
  [6.39224246e+01 9.89693187e+00 1.38435485e+01 1.05115209e+01
   1.82557421e+00]
  ...
  [9.35782323e+01 2.43051464e+00 1.72193684e+00 1.82037644e+00
   4.48939820e-01]
  [8.22838077e+01 5.22463075e+00 4.87046241e+00 5.32758075e+00
   2.29351842e+00]
  [5.57699350e+01 9.90485814e+00 1.27433180e+01 1.56885131e+01
   5.89337576e+00]]

 ...

 [[7.29652593e+01 1.41212200e+01 8.52156300e+00 3.49683459e+00
   8.95123054e-01]
  [6.96245307e+01 1.54136440e+01 9.58282311e+00 4.21390009e+00
   1.16510217e+00]
  [6.57441243e+01 1.86110299e+01 1.08818506e+01 3.97946877e+00
   7.83526450e-01]
  ...
  [8.51671879e+01 8.79463881e+00 3.31982581e+00 2.18422265e+00
   5.34124841e-01]
  [9.62651888e+01 2.23193008e+00 7.89459351e-01 5.17781970e-01
   1.95639823e-01]
  [7.18017000e+01 1.13574156e+01 7.69261081e+00 6.88047797e+00
   2.26779565e+00]]

 [[5.81555646e+01 2.77200578e+01 6.14203581e+00 7.12858348e+00
   8.53758238e-01]
  [5.88668926e+01 2.72934269e+01 5.83509709e+00 7.16793142e+00
   8.36652006e-01]
  [5.96268765e+01 2.37252281e+01 7.44950729e+00 7.42580996e+00
   1.77257807e+00]
  ...
  [6.05412646e+01 1.93978201e+01 5.26928040e+00 9.90410751e+00
   4.88752736e+00]
  [7.83968224e+01 1.30500535e+01 3.55297884e+00 3.67739344e+00
   1.32275182e+00]
  [5.68281629e+01 9.80734293e+00 4.16428912e+00 1.40749171e+01
   1.51252879e+01]]

 [[9.39644040e+01 2.49919903e+00 1.31543309e+00 1.56229203e+00
   6.58671825e-01]
  [8.82684732e+01 3.96412010e+00 1.99707414e+00 3.40569580e+00
   2.36463679e+00]
  [9.84607868e+01 6.26801668e-01 3.26318771e-01 4.25413003e-01
   1.60679739e-01]
  ...
  [9.94445759e+01 2.23998967e-01 1.19687038e-01 1.43899306e-01
   6.78387573e-02]
  [9.79377032e+01 8.70596222e-01 4.24659817e-01 5.65407656e-01
   2.01633100e-01]
  [5.83818646e+01 8.40937702e+00 8.94251745e+00 1.87116432e+01
   5.55459768e+00]]]