[[[94.59785843  1.96270339  1.9464944   0.93587875  0.55706503]
  [96.67700306  1.60458952  0.88678133  0.55150076  0.28012533]
  [91.55505118  3.32023429  3.25300866  1.08273106  0.78897481]
  ...
  [95.10209854  3.19601091  0.68523263  0.61882698  0.39783093]
  [97.14635493  1.64366266  0.53114496  0.42072947  0.25810798]
  [78.53669474  6.63700543  6.29161907  5.79404308  2.74063768]]

 [[97.66094777  1.78027585  0.209974    0.22802622  0.12077616]
  [97.61968225  1.85324382  0.21512101  0.1975307   0.11442222]
  [78.82293034  9.18495925  3.51730671  5.27363113  3.20117258]
  ...
  [95.7264695   2.20825175  0.52439475  0.86008286  0.68080115]
  [96.98639707  1.83497231  0.34113794  0.50327681  0.33421586]
  [62.55890922 12.85241078 11.20378851  9.24320272  4.14168877]]

 [[58.99184453 12.0688888   8.94245465 15.00194107  4.99487095]
  [61.59102588 10.80256517  6.83710554 14.97309031  5.7962131 ]
  [83.27491876  4.95237614  4.04145023  6.09065392  1.64060095]
  ...
  [84.46625111  4.02941725  2.15893542  6.20224864  3.14314758]
  [61.8005034   3.36666085  3.42085098 19.61025535 11.80172941]
  [67.29489094  5.70369415  7.97191946 12.76569507  6.26380039]]

 ...

 [[67.07415376 11.30493785 10.93057106  8.37669227  2.31364506]
  [69.05029913 10.80771165  9.9261815   7.95207051  2.26373722]
  [47.50434911 21.94708965 16.86236764 11.37367491  2.31251869]
  ...
  [65.14786885 10.29347376 12.70918521  9.3371269   2.51234528]
  [69.57893067 10.95240227  8.89752159  8.23860948  2.33253599]
  [78.6754695   7.7591268   5.81487439  6.06121938  1.68930994]]

 [[67.14725295 11.47402489 11.64537568  7.04279324  2.69055323]
  [66.22047702 11.51348198  9.81584315  8.31447261  4.13572524]
  [66.11034831 12.85410811  9.17812155  8.16268446  3.69473757]
  ...
  [63.87285294 12.19308222 11.22504505  8.18420138  4.5248184 ]
  [77.96686462  9.10123086  4.52807549  5.44702848  2.95680055]
  [48.76782959 14.83661435 12.29748388 15.21881084  8.87926134]]

 [[84.06016391  3.1461738   5.85653612  4.56546725  2.37165892]
  [79.29238085  3.70028134  8.71729645  5.63773186  2.65230949]
  [98.41551045  0.48502877  0.60679295  0.36426166  0.12840617]
  ...
  [94.1797082   1.35065016  1.87942976  1.66854192  0.92166996]
  [86.25114692  2.32743701  5.36847757  3.79475867  2.25817982]
  [38.7744882   5.50537935  9.31856931 30.41783965 15.98372348]]]