[[[9.25601984e+01 2.15523982e+00 3.81762746e+00 1.10171471e+00
   3.65219579e-01]
  [9.62961291e+01 1.09916466e+00 1.86763300e+00 5.44053658e-01
   1.93019628e-01]
  [9.22182772e+01 1.97305838e+00 4.47131590e+00 1.02907421e+00
   3.08274285e-01]
  ...
  [9.91526503e+01 2.05600115e-01 3.20241281e-01 2.27853071e-01
   9.36552699e-02]
  [9.86411275e+01 3.21970030e-01 6.30832789e-01 2.72451945e-01
   1.33617745e-01]
  [7.85135010e+01 4.58156650e+00 1.19511525e+01 3.75249254e+00
   1.20128751e+00]]

 [[9.20363637e+01 5.28823247e+00 1.15666546e+00 1.13419268e+00
   3.84545641e-01]
  [9.23459877e+01 4.91860658e+00 1.26866005e+00 1.06134729e+00
   4.05398409e-01]
  [9.12878781e+01 5.47737406e+00 1.44277005e+00 1.39227844e+00
   3.99699333e-01]
  ...
  [9.66895710e+01 1.56154731e+00 4.24421559e-01 7.47766925e-01
   5.76693156e-01]
  [9.60640685e+01 1.84575389e+00 6.13471655e-01 9.36995714e-01
   5.39710253e-01]
  [6.48682276e+01 4.46897464e+00 7.96875413e+00 2.16566571e+01
   1.03738656e+00]]

 [[5.76325422e+01 1.02483464e+01 1.49405238e+01 1.25272085e+01
   4.65137906e+00]
  [5.97284516e+01 9.62965125e+00 1.58828191e+01 1.11095679e+01
   3.64951026e+00]
  [7.04312893e+01 8.36774993e+00 1.08036916e+01 8.37484713e+00
   2.02242197e+00]
  ...
  [9.44225757e+01 1.98501761e+00 1.64421361e+00 1.54900824e+00
   3.99184846e-01]
  [8.22479025e+01 4.75323361e+00 4.95511520e+00 5.71798972e+00
   2.32575902e+00]
  [6.25053644e+01 7.30577423e+00 8.45652653e+00 1.48208503e+01
   6.91148453e+00]]

 ...

 [[7.13025705e+01 1.54157643e+01 9.32289451e+00 3.34385551e+00
   6.14915255e-01]
  [6.12946187e+01 1.95687166e+01 1.30780869e+01 5.00196908e+00
   1.05660878e+00]
  [7.27920803e+01 1.57026020e+01 8.48537693e+00 2.62476028e+00
   3.95180470e-01]
  ...
  [8.63664217e+01 5.85971663e+00 4.48265653e+00 2.54289928e+00
   7.48305826e-01]
  [9.64665449e+01 1.92432536e+00 9.45000103e-01 5.07393421e-01
   1.56736237e-01]
  [6.58582174e+01 1.20611486e+01 9.98687688e+00 9.99399893e+00
   2.09975824e+00]]

 [[6.55361973e+01 1.98501286e+01 7.53019469e+00 6.35680885e+00
   7.26670550e-01]
  [6.76175027e+01 1.80696716e+01 7.32852807e+00 6.36227382e+00
   6.22023821e-01]
  [4.86967863e+01 2.82057068e+01 1.45248580e+01 7.68146685e+00
   8.91182155e-01]
  ...
  [8.48051435e+01 8.19296326e+00 4.37930035e+00 2.05555942e+00
   5.67033477e-01]
  [8.18155767e+01 9.47205558e+00 5.93709644e+00 2.32844787e+00
   4.46823436e-01]
  [6.53679871e+01 1.52596461e+01 8.98665177e+00 7.52958369e+00
   2.85613130e+00]]

 [[8.93489641e+01 3.71244979e+00 2.57010320e+00 3.27020250e+00
   1.09828039e+00]
  [8.89258145e+01 3.85242286e+00 2.55130782e+00 3.46150292e+00
   1.20895185e+00]
  [8.84873438e+01 3.62366681e+00 2.88957552e+00 3.79308406e+00
   1.20632981e+00]
  ...
  [9.29463290e+01 2.21947460e+00 1.61432461e+00 2.22934489e+00
   9.90526855e-01]
  [8.70260098e+01 3.80773186e+00 3.00733816e+00 4.56715014e+00
   1.59177007e+00]
  [7.68415876e+01 5.80721970e+00 5.84362677e+00 8.62633619e+00
   2.88122973e+00]]]