[[[91.7042214   2.6513637   4.18121625  1.17106687  0.29213179]
  [95.88948448  1.32561844  1.86266681  0.68101635  0.24121392]
  [90.1053478   3.48412244  4.80409519  1.2696258   0.33680876]
  ...
  [97.03529377  0.96132106  1.38881022  0.46384683  0.15072813]
  [96.74499105  1.28384674  1.25239107  0.53834789  0.18042325]
  [79.47090833  5.21766865  7.4620872   5.35253396  2.49680187]]

 [[56.38611446 12.85236968  4.4880026  15.14066794 11.13284532]
  [61.52769042 15.43948888  5.42916216 10.24658483  7.35707371]
  [55.36906322 19.8682115   5.16012966 11.71871066  7.88388496]
  ...
  [37.94631698  6.47242144  4.22776912 27.22814595 24.12534649]
  [31.53988585  5.69840112  3.97222275 28.37007765 30.41941262]
  [44.55131774 11.01136572 11.97409277 18.98136861 13.48185516]]

 [[53.68124141 13.81211768 10.33319339 16.18894822  5.9844993 ]
  [52.98409673 13.06468468 11.47542969 16.66617009  5.80961882]
  [73.53627094  8.33417669  4.69462894 10.20231925  3.23260418]
  ...
  [82.33196523  4.36027135  4.42370848  6.30336731  2.58068763]
  [67.36852872  9.72711779  6.34118063 11.43083488  5.13233798]
  [69.06531342  5.76274218  8.25722886 12.80701819  4.10769735]]

 ...

 [[82.26374372 10.00716216  3.60760528  3.16064126  0.96084758]
  [81.05749324 10.10306051  4.13709489  3.61683044  1.08552091]
  [90.23440999  6.63183715  1.47435945  1.30786256  0.35153086]
  ...
  [76.05443832 10.75452101  5.67088137  5.60043055  1.91972875]
  [90.7179983   6.43093867  1.39207356  1.09523383  0.36375564]
  [68.89592247  8.03169981 12.14879185  8.46584827  2.4577376 ]]

 [[61.11952172 16.45949838  7.28600982  9.31673732  5.81823277]
  [61.45224232 15.06401109  7.17991933  9.96822473  6.33560253]
  [49.05397966 30.014453    9.45889196  8.25305202  3.21962336]
  ...
  [57.49329864 13.09850306  9.98534218 12.45644884  6.96640728]
  [60.99504619 12.60712078  7.17528127 11.81698322  7.40556854]
  [62.67248834 12.98678729  8.32678307 11.89597309  4.11796821]]

 [[72.52496759 12.39614518  6.53953298  4.68206438  3.85728987]
  [72.11322042 12.41204646  6.27351912  4.80386724  4.39734676]
  [72.60598272 11.03700119  8.55894118  5.60982753  2.18824739]
  ...
  [71.44858368 12.19238408  6.29326739  5.23464229  4.83112255]
  [72.72260861 13.04576462  6.53593316  4.37658452  3.3191091 ]
  [58.90990098  9.80210828 12.56249859 13.9191873   4.80630485]]]