[[[8.69045295e+01 3.25744624e+00 7.54633784e+00 1.76186139e+00
   5.29824978e-01]
  [9.29188712e+01 1.83436492e+00 3.39245165e+00 1.19909831e+00
   6.55213903e-01]
  [8.02940144e+01 6.10060808e+00 1.05532631e+01 2.23901448e+00
   8.13099919e-01]
  ...
  [9.53964287e+01 2.40056309e+00 1.30165621e+00 5.97431352e-01
   3.03920620e-01]
  [9.44259807e+01 3.32306143e+00 1.35594917e+00 6.43467167e-01
   2.51541492e-01]
  [8.24911893e+01 6.19289086e+00 5.68616295e+00 3.58896891e+00
   2.04078802e+00]]

 [[6.99393399e+01 9.67576423e+00 5.67546510e+00 8.63794246e+00
   6.07148831e+00]
  [7.51407883e+01 7.98104031e+00 5.07129400e+00 6.97706644e+00
   4.82981094e+00]
  [8.62621115e+01 6.25854704e+00 1.72005514e+00 3.85969947e+00
   1.89958690e+00]
  ...
  [8.61143763e+01 3.75206604e+00 2.95026937e+00 4.11859352e+00
   3.06469474e+00]
  [7.45895598e+01 7.41701475e+00 6.15440667e+00 7.28233153e+00
   4.55668723e+00]
  [6.00828233e+01 7.45535970e+00 7.36276533e+00 1.51188285e+01
   9.98022311e+00]]

 [[4.76513971e+01 6.30262395e+00 5.11939622e+00 2.75536246e+01
   1.33729582e+01]
  [3.32182390e+01 4.54457347e+00 3.86092313e+00 3.89884033e+01
   1.93878610e+01]
  [5.84721444e+01 9.72533848e+00 6.09180072e+00 1.81069570e+01
   7.60375942e+00]
  ...
  [4.65465217e+01 4.65931920e+00 4.49100213e+00 2.69536316e+01
   1.73495254e+01]
  [3.45646332e+01 2.52315233e+00 2.21916609e+00 4.00423269e+01
   2.06507215e+01]
  [7.55189101e+01 5.74595943e+00 1.44258143e+00 9.55860800e+00
   7.73394104e+00]]

 ...

 [[6.29889121e+01 1.69920888e+01 1.18261364e+01 6.61315653e+00
   1.57970625e+00]
  [6.76602449e+01 1.47375272e+01 9.40101256e+00 6.55909133e+00
   1.64212395e+00]
  [4.19314031e+01 3.02703859e+01 1.99230270e+01 6.55577655e+00
   1.31940749e+00]
  ...
  [7.17657863e+01 1.26789593e+01 6.82369102e+00 6.76749049e+00
   1.96407287e+00]
  [6.73817335e+01 1.49777012e+01 7.71209255e+00 7.82832567e+00
   2.10014704e+00]
  [7.49066542e+01 8.79900484e+00 5.96508599e+00 6.97575741e+00
   3.35349756e+00]]

 [[7.53615266e+01 7.64890342e+00 4.96398402e+00 7.62187304e+00
   4.40371290e+00]
  [7.13577975e+01 7.20760219e+00 4.38317366e+00 1.03959008e+01
   6.65552582e+00]
  [7.02740436e+01 1.14055281e+01 7.10388497e+00 6.71508309e+00
   4.50146026e+00]
  ...
  [7.20722972e+01 6.53699057e+00 3.46981387e+00 1.06815159e+01
   7.23938245e+00]
  [8.48143707e+01 4.77227462e+00 1.96493067e+00 5.09696562e+00
   3.35145842e+00]
  [6.93078525e+01 9.13943731e+00 6.30833296e+00 1.07085595e+01
   4.53581773e+00]]

 [[9.76426400e+01 7.61894387e-01 7.12230411e-01 6.23392407e-01
   2.59842800e-01]
  [9.50488620e+01 1.13183674e+00 1.57810583e+00 1.53428081e+00
   7.06914633e-01]
  [9.94216938e+01 2.17432861e-01 1.76345599e-01 1.28727309e-01
   5.58004752e-02]
  ...
  [9.90893524e+01 3.77319040e-01 2.24759350e-01 2.18163983e-01
   9.04052551e-02]
  [9.84489324e+01 4.87201327e-01 3.60604007e-01 4.38428048e-01
   2.64834221e-01]
  [6.87261948e+01 4.01550222e+00 1.09001263e+01 1.14238092e+01
   4.93436745e+00]]]