[[[76.66730754  8.04352479 10.61961417  3.441243    1.2283105 ]
  [82.79334793  5.87734125  7.68337913  2.70481363  0.94111805]
  [81.0922373   6.27314247  9.75904862  2.28695243  0.58861918]
  ...
  [93.32577545  3.09752453  1.7824336   1.39626769  0.39799874]
  [96.12770644  1.00731178  1.68377026  0.76286419  0.41834734]
  [73.76232554  8.85330207  9.92680657  5.5209083   1.93665753]]

 [[70.65884132  9.38092719  7.99012374  7.79189059  4.17821716]
  [69.11849147  9.7460433   8.38606422  8.25393934  4.49546167]
  [84.66894727  8.32547785  2.35645501  3.1638418   1.48527807]
  ...
  [71.57317922  8.64426441  8.52404325  7.39953778  3.85897535]
  [88.14011356  4.23070269  2.77768572  3.12887422  1.72262381]
  [65.01330181 10.65824449  6.82048531 11.49221919  6.0157492 ]]

 [[42.84136016  8.66582507  7.6063742  28.20100934 12.68543123]
  [30.87786552  5.71430574  4.87679215 39.13296546 19.39807113]
  [55.97823383 13.02337251  8.83125537 16.5347574   5.63238088]
  ...
  [47.03335652  7.22465706  5.92284869 25.29368257 14.52545516]
  [21.58641259  3.53083263  2.8762556  47.57263454 24.43386465]
  [53.12401441  8.69402197  9.56156403 19.36781695  9.25258264]]

 ...

 [[59.65009733 16.86433538  9.79791669  9.95163566  3.73601494]
  [58.51046654 17.88215743  9.74739691 10.13262976  3.72734936]
  [41.93659721 24.28102238 19.44733149 10.97301179  3.36203713]
  ...
  [59.07156391 17.60137885  8.62510659 10.74642467  3.95552598]
  [61.3908925  14.75225483  8.15666063 11.44588063  4.25431142]
  [54.33765629 11.4140769  13.86533169 14.62677681  5.75615831]]

 [[67.31113894  8.12670173  8.32385322 10.05843085  6.17987526]
  [59.31143127  7.2972635   6.87722334 15.55552347 10.95855843]
  [63.50102553 10.06891533 10.52528077  9.62653542  6.27824294]
  ...
  [63.92832666  8.9923912   5.96636182 12.15331008  8.95961024]
  [75.92977311  5.12768681  3.16072795  9.07227527  6.70953685]
  [59.64867191 10.10533392  6.43689416 14.21174054  9.59735947]]

 [[75.63535804 10.51421548  6.01621446  5.37798988  2.45622215]
  [74.72945511 12.18385624  5.73416004  5.11649091  2.23603769]
  [97.84129311  0.89455686  0.47530205  0.53536471  0.25348327]
  ...
  [94.66742157  2.11715932  1.13214392  1.33627187  0.74700332]
  [88.20157923  5.92898815  2.60487339  2.26712934  0.99742989]
  [72.61523008  2.75987393  4.46501132 12.47571174  7.68417292]]]