[[[91.46122326  1.79532511  3.93498477  2.57625769  0.23220917]
  [96.22270678  0.80865148  1.69601942  1.06367633  0.20894599]
  [64.75668339  9.34137971 20.22073783  4.86165112  0.81954795]
  ...
  [97.72681077  0.51773543  1.08740658  0.53223665  0.13581057]
  [96.67901412  0.82575063  1.37889294  0.9277881   0.18855422]
  [66.35427344  7.65629518 12.27569109 11.6373496   2.07639068]]

 [[47.14912823  7.90829105  3.63226534 24.34156175 16.96875363]
  [49.82032013  8.28961537  4.47921544 22.61359792 14.79725114]
  [46.93217444 14.09285051  4.61560098 20.8376067  13.52176737]
  ...
  [41.51969665  5.34210331  2.9766464  30.08052029 20.08103335]
  [42.01783117  6.46955553  6.90694087 27.94560276 16.66006967]
  [45.13866589 10.26757131 13.75875015 19.73326117 11.10175147]]

 [[54.98349337  9.93235625  7.77365098 20.92993032  6.38056907]
  [38.33164516  7.63975059  5.59918016 34.961082   13.46834209]
  [60.40021706 10.60018674  7.78180394 16.64648169  4.57131057]
  ...
  [45.2076479   8.78111151  9.80227823 24.80441081 11.40455156]
  [29.29443842  4.64158348  3.34702732 43.09135047 19.62560032]
  [42.87626371  7.41999653  9.1943791  26.92517231 13.58418836]]

 ...

 [[55.99338443 16.10134372 15.39480541  9.72219848  2.78826796]
  [52.03019652 16.58605097 17.56367697 10.66828027  3.15179527]
  [54.84305507 23.7031148  11.56077147  8.24580383  1.64725483]
  ...
  [51.45395032 11.75346415 15.27552046 16.37234416  5.14472091]
  [71.8250602   7.12487937  8.60687101  9.27762891  3.1655605 ]
  [54.41834389 14.0133105  11.16250506 15.09249342  5.31334714]]

 [[73.26390448  7.25575021  4.07879791  9.84650095  5.55504644]
  [64.11964824  7.07201657  4.27614824 15.56203637  8.97015058]
  [60.76959338 13.85738426  7.00373677 11.91048513  6.45880046]
  ...
  [63.84427167  6.16921491  4.54915468 15.94702548  9.49033326]
  [79.45932874  3.86713994  2.33485797  8.91123504  5.42743832]
  [39.57006244 12.85746792  9.66397595 23.91588996 13.99260373]]

 [[75.93442804  8.22923458  4.7710024   6.78337893  4.28195605]
  [79.90331533  7.26834569  5.10268524  5.60534081  2.12031293]
  [88.16471801  5.28836605  3.05451402  2.70321989  0.78918203]
  ...
  [78.03819716  8.58994813  5.82408991  5.5697496   1.97801521]
  [77.59237296  8.74047596  6.08568641  5.49121447  2.0902502 ]
  [74.29146151  8.9234339   6.91409275  7.87408408  1.99692776]]]