[[[9.34123345e+01 1.31099987e+00 2.73485808e+00 1.54107042e+00
   1.00073717e+00]
  [9.61583115e+01 7.84241344e-01 1.63828089e+00 8.89854303e-01
   5.29311976e-01]
  [9.69385248e+01 6.65026958e-01 1.53058080e+00 5.68431947e-01
   2.97435534e-01]
  ...
  [9.65435169e+01 9.47601424e-01 1.43326422e+00 6.95202680e-01
   3.80414791e-01]
  [9.65191258e+01 9.16444754e-01 1.55855369e+00 6.44150860e-01
   3.61724855e-01]
  [8.01528552e+01 6.30737787e+00 6.36572721e+00 4.74241458e+00
   2.43162518e+00]]

 [[5.64223714e+01 1.01289450e+01 1.65045685e+01 1.05615938e+01
   6.38252134e+00]
  [5.67910715e+01 1.03756285e+01 1.71460101e+01 9.77166405e+00
   5.91562595e+00]
  [5.37012478e+01 1.88570087e+01 7.96429689e+00 1.19391519e+01
   7.53829472e+00]
  ...
  [4.68330500e+01 6.56124760e+00 8.21474286e+00 1.73194973e+01
   2.10714622e+01]
  [4.76979830e+01 5.97288703e+00 7.24524254e+00 1.64486252e+01
   2.26352623e+01]
  [4.68340947e+01 1.37533407e+01 9.89703135e+00 1.61655657e+01
   1.33499676e+01]]

 [[5.69460088e+01 1.25007307e+01 9.63525072e+00 1.66849510e+01
   4.23305875e+00]
  [5.65916957e+01 1.13122472e+01 8.24622235e+00 1.79156015e+01
   5.93423330e+00]
  [6.13823214e+01 1.32398341e+01 8.12284597e+00 1.41626429e+01
   3.09235564e+00]
  ...
  [5.91899128e+01 1.06922418e+01 9.11989472e+00 1.67153002e+01
   4.28265041e+00]
  [4.79974746e+01 7.98336211e+00 7.18725701e+00 2.59243507e+01
   1.09075556e+01]
  [5.34042421e+01 8.25712449e+00 1.09140590e+01 1.92505704e+01
   8.17400406e+00]]

 ...

 [[4.47643477e+01 1.35299183e+01 2.61769909e+01 1.24684383e+01
   3.06030480e+00]
  [4.40515942e+01 1.39424562e+01 2.61067844e+01 1.28383354e+01
   3.06082984e+00]
  [5.80913313e+01 1.68113888e+01 1.30228719e+01 1.01555837e+01
   1.91882416e+00]
  ...
  [5.50878647e+01 1.10461741e+01 2.16953825e+01 9.49445673e+00
   2.67612198e+00]
  [6.72383323e+01 8.49910262e+00 1.48972012e+01 7.35447752e+00
   2.01088633e+00]
  [6.07345089e+01 1.22988772e+01 1.23433315e+01 1.15797201e+01
   3.04356235e+00]]

 [[6.21758873e+01 1.46109085e+01 7.77263102e+00 1.12557955e+01
   4.18477773e+00]
  [6.09153208e+01 1.17516914e+01 4.81782012e+00 1.59350551e+01
   6.58011254e+00]
  [4.61797425e+01 2.33606312e+01 1.67516362e+01 1.06306107e+01
   3.07737935e+00]
  ...
  [6.55605553e+01 1.16483187e+01 4.01744233e+00 1.28291261e+01
   5.94455752e+00]
  [6.96215773e+01 1.19834856e+01 3.34805765e+00 1.04226417e+01
   4.62423773e+00]
  [4.41859963e+01 1.22674297e+01 1.07760654e+01 2.16586921e+01
   1.11118165e+01]]

 [[8.91644821e+01 5.04071802e+00 2.89054523e+00 2.11263801e+00
   7.91616621e-01]
  [8.89931695e+01 3.51486773e+00 3.38157724e+00 2.92255291e+00
   1.18783263e+00]
  [9.94703206e+01 2.23847501e-01 1.52123282e-01 1.10407935e-01
   4.33007194e-02]
  ...
  [9.39989909e+01 3.06906014e+00 1.36924853e+00 1.04023303e+00
   5.22467385e-01]
  [9.74877629e+01 7.74819691e-01 7.00422190e-01 6.96846179e-01
   3.40149088e-01]
  [7.39716649e+01 6.13140003e+00 9.82856230e+00 7.72388741e+00
   2.34448539e+00]]]