[[[9.25119767e+01 1.79392749e+00 4.19855069e+00 1.21241735e+00
   2.83127733e-01]
  [9.60420262e+01 1.02206477e+00 1.91608653e+00 7.65571591e-01
   2.54250956e-01]
  [8.37137840e+01 4.02705635e+00 9.84369323e+00 1.84190357e+00
   5.73562872e-01]
  ...
  [9.77782437e+01 8.66373264e-01 7.78102053e-01 4.14954834e-01
   1.62326171e-01]
  [9.75482122e+01 9.42017872e-01 8.42560414e-01 4.79280645e-01
   1.87928851e-01]
  [7.23841436e+01 7.93305167e+00 1.02582453e+01 7.41133589e+00
   2.01322354e+00]]

 [[6.57892267e+01 9.45294069e+00 3.70321068e+00 1.17967099e+01
   9.25791207e+00]
  [6.38707519e+01 9.34667727e+00 3.62871447e+00 1.34490520e+01
   9.70480434e+00]
  [6.78997573e+01 1.25981691e+01 3.39433252e+00 9.98537639e+00
   6.12236459e+00]
  ...
  [4.40555694e+01 3.89062849e+00 3.31021893e+00 2.42177875e+01
   2.45257957e+01]
  [4.72248294e+01 5.86078377e+00 5.34452373e+00 2.48552295e+01
   1.67146336e+01]
  [4.40468117e+01 7.88416351e+00 1.30777400e+01 1.98857976e+01
   1.51054872e+01]]

 [[5.92264406e+01 1.09621164e+01 1.29815212e+01 1.28418043e+01
   3.98811744e+00]
  [6.11213526e+01 9.95846856e+00 1.16755069e+01 1.29688336e+01
   4.27583830e+00]
  [8.74134093e+01 4.52978343e+00 3.34797984e+00 3.82029302e+00
   8.88534375e-01]
  ...
  [7.30437591e+01 5.97992029e+00 9.63587641e+00 8.76917871e+00
   2.57126549e+00]
  [7.21115070e+01 4.79293202e+00 6.34704007e+00 1.16825834e+01
   5.06593747e+00]
  [5.67655179e+01 8.33015841e+00 7.33410432e+00 1.84916500e+01
   9.07856942e+00]]

 ...

 [[6.89001602e+01 1.00217766e+01 1.31437700e+01 6.45714944e+00
   1.47714381e+00]
  [6.67231299e+01 1.01529321e+01 1.48254728e+01 6.83634389e+00
   1.46212127e+00]
  [6.21076094e+01 1.40996006e+01 1.40273309e+01 8.28287826e+00
   1.48258076e+00]
  ...
  [7.11046757e+01 9.68309544e+00 1.16226373e+01 6.08477386e+00
   1.50481770e+00]
  [7.19651314e+01 9.18081169e+00 1.14113100e+01 6.00088712e+00
   1.44185981e+00]
  [6.46665833e+01 1.11583825e+01 1.19036424e+01 1.00241148e+01
   2.24727701e+00]]

 [[6.62252606e+01 1.18885263e+01 5.55756027e+00 1.09672578e+01
   5.36139509e+00]
  [5.51037113e+01 8.68692352e+00 3.84405987e+00 2.17135070e+01
   1.06517983e+01]
  [5.04951253e+01 2.17295179e+01 1.18461077e+01 1.10755437e+01
   4.85370541e+00]
  ...
  [6.38633180e+01 9.84609111e+00 3.44974367e+00 1.47633072e+01
   8.07754010e+00]
  [7.48434316e+01 6.48770277e+00 2.19836478e+00 1.07633727e+01
   5.70712815e+00]
  [3.66333419e+01 1.10549364e+01 9.20828556e+00 2.70290812e+01
   1.60743550e+01]]

 [[8.47491151e+01 4.67853124e+00 3.22325966e+00 4.68989855e+00
   2.65919546e+00]
  [8.14436670e+01 7.05077735e+00 3.78464981e+00 4.99248865e+00
   2.72841721e+00]
  [9.97432047e+01 9.82861025e-02 7.32739356e-02 5.97457659e-02
   2.54895415e-02]
  ...
  [9.56939335e+01 1.28479679e+00 1.06534914e+00 1.27814173e+00
   6.77778826e-01]
  [9.34994172e+01 2.57998012e+00 1.49536991e+00 1.57551640e+00
   8.49716394e-01]
  [7.79063536e+01 3.87044785e+00 4.44736770e+00 1.11213971e+01
   2.65443374e+00]]]