[[[65.81133945 12.67159103 13.02405461  6.13675606  2.35625885]
  [69.23208367 12.00439293 10.98485908  5.65822146  2.12044286]
  [82.69992121  7.07991492  6.96272566  2.36383012  0.89360808]
  ...
  [91.92419365  2.76519096  3.13361405  1.50904352  0.66795782]
  [94.39054579  3.02648947  1.75953729  0.54958427  0.27384318]
  [74.10746939  9.62436125  9.11850447  5.57100804  1.57865684]]

 [[65.31694438 13.16888313  4.37546517 10.64105915  6.49764818]
  [56.24864853 11.9983701   4.15705983 17.12190909 10.47401245]
  [77.01668257  8.04946547  3.24629328  7.2525751   4.43498359]
  ...
  [87.43214719  2.66195703  1.14250667  4.78368167  3.97970744]
  [70.55425689  5.16089771  2.78220372 13.15388623  8.34875545]
  [87.29077595  2.10080767  2.79676623  6.9305534   0.88109675]]

 [[67.10033852  8.8634906   7.9928048  11.73083227  4.31253381]
  [62.26456994 10.57937847  8.57060086 13.4883817   5.09706903]
  [88.06605619  4.25573195  2.53319729  3.99874177  1.14627279]
  ...
  [80.23141573  4.7787338   5.52548251  6.87958758  2.58478038]
  [76.31702797  4.45376575  6.42927919  8.9339747   3.86595239]
  [74.49413213  5.37134264  4.16463912 11.05534697  4.91453913]]

 ...

 [[74.03435835 11.30327085  7.45428788  5.79584412  1.4122388 ]
  [71.39742969 11.45556402  8.82192289  6.67762993  1.64745347]
  [86.9466946   6.68450666  2.90410369  2.80996834  0.65472672]
  ...
  [72.0003921  12.57433893  7.65264836  6.12385189  1.64876872]
  [85.77809975  6.97004479  3.56676385  2.89154423  0.79354739]
  [58.46366362 13.03795403 11.46842235 13.33688078  3.69307922]]

 [[75.92540717  8.63620413  3.98006463  7.74073598  3.71758808]
  [63.11820672  8.05810479  3.55579312 16.70666669  8.56122868]
  [57.46949238 20.34621229 11.00312348  8.04850945  3.1326624 ]
  ...
  [71.32465786  8.27193799  3.74740382 11.06313315  5.59286718]
  [74.14018771  6.81620253  2.79430358 10.81098876  5.43831742]
  [47.0705454  13.19989478 11.40116922 19.46177273  8.86661787]]

 [[74.1995398   9.19391737  6.96441289  6.70190505  2.9402249 ]
  [75.12102521 10.06459014  5.91305048  6.09757925  2.80375492]
  [97.80041567  1.01974925  0.48006157  0.47223205  0.22754146]
  ...
  [88.55161851  3.72422018  2.84659306  3.16285772  1.71471053]
  [80.11543377  8.25498763  4.48113005  4.80998183  2.33846672]
  [66.08395031 10.39106167  7.97132026 11.59322493  3.96044283]]]