[[[92.17521813  2.20841426  3.76758124  1.33551517  0.5132712 ]
  [96.26134     1.12060446  1.58381714  0.69415459  0.34008381]
  [75.00195298  7.87198295 12.6763218   3.26669023  1.18305204]
  ...
  [97.14977707  0.62275614  1.38016054  0.5607319   0.28657435]
  [97.83824137  0.58622231  1.01782321  0.35159432  0.20611879]
  [73.37010162  8.32983656 10.65685202  5.44875274  2.19445707]]

 [[51.00956308 12.57675951  5.52399992 16.95551373 13.93416376]
  [50.05224423 10.21728045  5.10729825 19.17519752 15.44797955]
  [60.28775635 18.23665142  5.58267856  9.67686758  6.21604609]
  ...
  [23.52700236  3.99913595  4.60956652 33.29110363 34.57319154]
  [32.75935605  4.42561126  4.85648023 28.31906546 29.639487  ]
  [60.79138593 12.66145196  8.06372708 10.98758896  7.49584606]]

 [[54.47570586 13.91994416 12.05477598 16.00972734  3.53984666]
  [53.2983593  13.71005577 12.78235058 16.66590448  3.54332986]
  [73.75307383 11.06012724  5.26388424  7.94918666  1.97372803]
  ...
  [74.46248995  7.02883513  6.72949565  9.82184334  1.95733592]
  [65.9120517   9.1761232   9.08682932 13.04661366  2.77838213]
  [49.41489715 12.3261333  14.35224688 21.4284063   2.47831637]]

 ...

 [[71.06649388 14.41118519  7.45282989  5.20174577  1.86774527]
  [69.33556361 14.13771991  8.71081938  5.78413902  2.03175808]
  [79.13829449 11.35813114  4.49277894  3.85674337  1.15405205]
  ...
  [72.27016969 14.46324901  6.71221166  4.74552125  1.80884839]
  [76.50869097 12.22163386  5.72230626  4.02463655  1.52273235]
  [62.94189802 11.96780403 12.90082336  9.07302508  3.1164495 ]]

 [[80.24856515  7.55084491  3.77995593  5.88483745  2.53579657]
  [81.53155069  6.07507126  2.92777668  6.5518935   2.91370787]
  [57.86859486 22.59297221 10.09598546  7.65760129  1.78484618]
  ...
  [83.56622093  6.0540738   2.36271971  5.6212223   2.39576326]
  [84.93661375  5.41063334  1.9945876   5.29499992  2.36316539]
  [68.55105301  9.29976072  6.22329147 11.1552502   4.77064461]]

 [[78.9411361   5.13280113  8.54688817  5.59025343  1.78892117]
  [75.34298439  6.75523185  8.86297742  6.46931199  2.56949435]
  [95.3427548   2.47601388  1.04866147  0.85498943  0.27758041]
  ...
  [81.79583995  4.30980844  6.19705243  5.29135083  2.40594834]
  [89.17503845  3.58958755  3.33089876  2.7434974   1.16097785]
  [73.74047067  6.49637604  5.97076902 10.51779387  3.2745904 ]]]