[[[76.66018962  8.04688935 10.62093625  3.44318242  1.22880236]
  [82.78931681  5.87879645  7.68452907  2.7061477   0.94120997]
  [81.08907249  6.27735349  9.75769218  2.28718094  0.58870089]
  ...
  [93.32838498  3.09662261  1.78268692  1.39456951  0.39773598]
  [96.12730962  1.00717609  1.68409103  0.76298973  0.41843352]
  [74.10081886  8.80839489  9.46166465  5.6170126   2.01210901]]

 [[70.62933356 17.90496884  5.11552824  5.03749066  1.3126787 ]
  [65.44297078 23.33166629  5.72099343  4.49753109  1.0068384 ]
  [72.3934284  18.09457434  4.16192234  4.43267585  0.91739907]
  ...
  [73.26103454  9.42234869  4.07994761  8.48599951  4.75066964]
  [82.41655913  6.91340465  2.67483885  5.77464724  2.22055012]
  [66.30889832 15.67321259  7.20885585  8.36203921  2.44699404]]

 [[53.61889517 11.38065236 18.01137915 13.14807104  3.84100228]
  [55.58652145 11.11281762 17.06868515 12.93855149  3.2934243 ]
  [59.55769442 11.08082453 15.57635465 11.34690019  2.43822621]
  ...
  [89.38841274  3.69842044  2.69362546  3.04848041  1.17106095]
  [71.31602639  8.01817197  9.55341909  8.68110645  2.4312761 ]
  [60.15139434  9.57377309 14.82414651 12.56765018  2.88303589]]

 ...

 [[52.03722153 36.52290804  6.73920477  3.92883883  0.77182683]
  [38.83373174 44.74786998  9.19055098  5.92229171  1.30555558]
  [56.06353359 34.31369311  5.98553254  3.13371241  0.50352835]
  ...
  [78.8675887  10.64917357  4.90136043  4.29078159  1.29109572]
  [95.12170149  2.22926276  1.07288356  1.13625537  0.43989681]
  [54.21298975 17.78789374 10.47054589 13.1543966   4.37417402]]

 [[58.53734975 23.70928056 10.25492953  6.9705137   0.52792646]
  [55.07564435 25.96533697 10.80182925  7.60180552  0.5553839 ]
  [54.59326596 25.82246472 11.69062981  7.26222493  0.63141458]
  ...
  [67.01146153 19.72114071  6.38436751  5.66661225  1.21641799]
  [67.6855401  19.02275193  6.2133892   5.88803495  1.19028383]
  [60.53243321 15.84565746  9.30086614 11.54544818  2.775595  ]]

 [[61.27715617  8.6392547  20.46745747  6.62463413  2.99149752]
  [62.61460544  7.64208282 19.42362046  6.96540155  3.35428973]
  [75.67041918  3.40725316 14.35043762  5.206886    1.36500405]
  ...
  [97.07997974  0.69964179  1.08628507  0.76881818  0.36527522]
  [93.87344681  1.12874019  2.73085161  1.51954553  0.74741587]
  [42.59902202  8.29410775 29.73244075 16.29179578  3.08263371]]]