[[[90.23247008  1.91242023  5.56221075  1.51803697  0.77486197]
  [95.02857965  1.04913038  2.30855886  0.94393049  0.66980061]
  [74.62202332  6.26285191 14.00565356  3.30379933  1.80567188]
  ...
  [91.9598427   3.46929309  1.42147211  1.65929461  1.4900975 ]
  [96.85843907  1.04868108  0.89755393  0.66165346  0.53367246]
  [76.6652828   6.61729107  8.92701995  5.66152403  2.12888215]]

 [[95.78082742  3.59634429  0.25022952  0.24198759  0.13061118]
  [95.57905291  3.79550299  0.27099123  0.23115123  0.12330165]
  [83.27108778  7.2573653   2.94493409  4.22541672  2.30119611]
  ...
  [93.21142887  4.40657153  0.58497767  0.97888103  0.81814091]
  [95.2245576   3.35130488  0.46540293  0.61190067  0.34683392]
  [64.28330008 11.30395244 10.36430672  9.02276264  5.02567813]]

 [[58.41271754 12.60184634 11.36202464 14.0486193   3.57479218]
  [57.67222769 12.5564864  10.33250374 14.67607891  4.76270326]
  [59.31705923 13.39757982 10.68462976 13.45372811  3.14700306]
  ...
  [62.17707435 10.70650204  7.12093571 13.93498118  6.06050672]
  [41.71902203  9.86712413 10.12171788 25.47132135 12.82081461]
  [55.34302079  6.7912075  11.18832564 17.71874019  8.95870589]]

 ...

 [[65.42712105 13.9991801  12.13485396  6.53310813  1.90573676]
  [65.79367094 14.14771302 11.69447554  6.4376949   1.92644561]
  [51.70297046 25.84206175 15.52443001  5.77240511  1.15813268]
  ...
  [61.55596171 14.18006297 13.9606837   8.37231118  1.93098044]
  [76.22947374 10.08446166  7.22203279  5.17848436  1.28554746]
  [70.42754322 12.25298675  7.79337723  7.74755944  1.77853336]]

 [[60.65574147 13.38041217 17.97405615  6.0247958   1.96499441]
  [62.85656149 14.32785406 14.11925382  6.31015521  2.38617541]
  [59.55136351 19.14337771 12.7541551   7.06271538  1.48838829]
  ...
  [56.67191014 15.37813735 16.01767323  8.4369305   3.49534879]
  [69.61247235 12.74293134  6.58424413  7.52251118  3.537841  ]
  [52.8025616  17.9209197  10.38899665 13.03626133  5.85126071]]

 [[86.68748684  2.95039404  5.12030978  3.79373954  1.4480698 ]
  [84.58808069  3.09015201  6.27739083  4.37764465  1.66673183]
  [98.10498214  0.66882618  0.58983437  0.47641532  0.15994199]
  ...
  [73.11118212  7.07321674  8.58681729  7.98931802  3.23946583]
  [80.83725917  4.02063089  6.90109587  5.60870251  2.63231156]
  [43.18739403  8.47889473 10.61234966 27.74915992  9.97220166]]]