[[[93.79442605  1.35984273  2.6508655   2.01071734  0.18414839]
  [97.45005349  0.64742343  1.02901528  0.76859304  0.10491476]
  [74.20016449  6.59708117 14.8135055   3.74115421  0.64809464]
  ...
  [98.36597196  0.42764336  0.72623477  0.37565181  0.10449809]
  [97.52524112  0.79285172  0.9537342   0.61514011  0.11303286]
  [68.92616809  6.84001238 11.15572245 11.01957424  2.05852283]]

 [[59.39985399  8.17402101  3.71859017 17.40647497 11.30105985]
  [63.98733625  8.32459102  4.26282517 14.66855087  8.75669669]
  [56.75446649 17.97703465  4.77676648 13.15068011  7.34105226]
  ...
  [54.97124286  6.74920991  3.44198608 20.9659421  13.87161904]
  [53.20147834  8.60198722  8.62520112 18.72948972 10.8418436 ]
  [43.49601163 12.67570038 17.86142045 17.09227376  8.87459379]]

 [[57.27963875 11.06480372  8.99070826 17.74019264  4.92465663]
  [53.50705134  8.95841516  6.9010789  22.75272861  7.88072599]
  [63.87198056 11.59063944  7.82310255 13.25995311  3.45432433]
  ...
  [52.28667663  7.19744739 10.53151613 21.17524572  8.80911414]
  [39.7048254   6.05497555  4.80546387 34.81454895 14.62018623]
  [38.87675343  5.80855596  6.91966462 28.81099472 19.58403128]]

 ...

 [[61.98672127 12.63596368 11.37417377 11.11458768  2.88855359]
  [59.52131588 12.76662172 13.49048956 11.35105037  2.87052247]
  [55.53759124 19.33529184 10.17488293 12.35408059  2.5981534 ]
  ...
  [65.15528234  9.5932054   9.98284597 11.59435574  3.67431055]
  [79.94557979  6.78397001  5.51475603  5.71136996  2.04432421]
  [51.93354636 11.69519894 12.33928412 16.79876898  7.2332016 ]]

 [[69.4278171  15.27541594  5.79680184  6.42970409  3.07026103]
  [73.35057975 13.31400135  4.73179586  5.98124112  2.62238192]
  [51.39446511 28.39777488 10.53581228  7.32145501  2.35049271]
  ...
  [67.82240864 13.60749327  4.59988714  9.13617919  4.83403175]
  [79.63527249  9.03589287  2.60803365  5.42698927  3.29381172]
  [51.73575715 14.9186008  10.29458334 15.22458354  7.82647516]]

 [[74.59423156  8.44361244  5.13694523  7.58126227  4.24394849]
  [73.45815902  9.43764158  6.12037983  7.74606965  3.23774991]
  [77.14248626  9.99824671  4.35425959  5.59699165  2.9080158 ]
  ...
  [81.78002651  7.95658507  4.06133121  4.48538352  1.7166737 ]
  [78.01953685  8.84791399  5.56760999  5.54769315  2.01724603]
  [74.95899449  8.60315824  6.47519071  7.73670474  2.22595182]]]