[[[86.4382444   2.93903925  7.91890136  2.12561744  0.57819756]
  [92.18027847  1.82724202  4.26319983  1.30832292  0.42095676]
  [59.83312178  8.24842759 25.99867605  4.63221211  1.28756247]
  ...
  [96.64068836  0.80358374  1.40932178  0.81689978  0.32950634]
  [95.53221365  1.02397407  1.95068408  1.08103788  0.41209033]
  [76.11835377  7.41884282  7.99784222  6.51013009  1.9548311 ]]

 [[61.49216118 13.80993274  6.06311946 10.10854443  8.52624219]
  [61.11176222 13.92585001  5.87003293 10.63898888  8.45336597]
  [61.09434437 20.34005315  5.52547372  8.04687941  4.99324935]
  ...
  [39.22899203  4.43673538  3.92714916 24.59390164 27.81322179]
  [47.76158519 11.13296583  8.75477527 19.25450063 13.09617308]
  [42.05387488  9.8950221  12.74863993 18.67512397 16.62733912]]

 [[66.74646012  9.55470994  9.16659621 11.04112602  3.49110772]
  [67.04080638  9.37744024  8.7619998  11.17686105  3.64289253]
  [81.76386946  6.61179115  4.16293946  6.03137034  1.43002959]
  ...
  [80.82156267  5.11075218  6.33951776  5.92038356  1.80778384]
  [82.6133632   6.65405636  4.07819252  4.64025211  2.01413581]
  [84.51136595  3.67060301  3.1265977   6.27619059  2.41524275]]

 ...

 [[71.70437388 13.66820763  8.37295271  5.13599217  1.11847361]
  [70.94477001 13.03725702  9.432512    5.46499387  1.1204671 ]
  [71.37246879 13.69706962  7.41116626  6.2183613   1.30093402]
  ...
  [71.94934056 14.29775537  7.79265113  4.83610526  1.12414767]
  [74.0299648  12.89548674  7.45030587  4.57227611  1.05196648]
  [68.04679362 10.51776394  9.28586158  9.71345245  2.43612841]]

 [[68.02584257 12.54300484  5.61709641  9.76430451  4.04975168]
  [58.33659568  9.6526114   3.80492758 19.2097806   8.99608474]
  [54.44895192 22.62177255 11.15648607  9.0399396   2.73284986]
  ...
  [60.8058011  14.21461738  3.85806448 13.97037331  7.15114373]
  [72.58328785  9.29255339  2.68151868 10.48183422  4.96080587]
  [44.93689482 10.30151566  8.65461416 22.24903484 13.85794053]]

 [[81.65438821  7.47547176  4.80881026  4.24824604  1.81308373]
  [81.05649927  9.13816146  4.6522316   3.72463814  1.42846953]
  [97.00637419  1.21563118  0.82837805  0.69259402  0.25702256]
  ...
  [81.92304362  6.23151314  5.39571967  4.47578023  1.97394334]
  [79.90158375  9.5988717   5.22800862  3.7537986   1.51773733]
  [50.9987704   8.86850086  9.28606545 24.53676554  6.30989776]]]