[[[86.57283863  4.49332226  6.50209321  1.78182415  0.64992175]
  [93.07453315  2.37301266  3.21757149  1.01107101  0.32381168]
  [87.19251737  3.53065649  7.36983452  1.53175274  0.37523889]
  ...
  [98.08718411  0.4567658   0.72326082  0.51949295  0.21329632]
  [97.12760677  0.76332419  1.3164759   0.53621009  0.25638304]
  [69.34810123  7.90766519 14.62736889  5.57936895  2.53749574]]

 [[67.83100123 17.58105867  7.09766299  5.60051478  1.88976233]
  [64.52179606 20.18719797  8.19132944  5.28949626  1.81018028]
  [74.88824651 15.75683859  4.2128559   4.01425046  1.12780854]
  ...
  [74.99697635  7.48679144  3.43308508  8.92323989  5.15990724]
  [82.96516704  5.53236163  2.78133028  5.88584371  2.83529735]
  [68.55246378 11.45470823  8.24747096  8.72885235  3.01650467]]

 [[54.28850977  8.80744196 15.46274621 14.38263314  7.05866892]
  [59.08308319  8.410187   14.54875497 12.63159993  5.3263749 ]
  [60.53709235  8.50214979 14.85115216 11.87715041  4.23245531]
  ...
  [93.95695555  1.88372481  1.53597169  1.73467897  0.88866899]
  [79.63733009  5.67519532  6.51049742  6.24141629  1.93556088]
  [63.15780801  7.97520792 14.35092304 11.44800669  3.06805434]]

 ...

 [[60.37408305 20.21583762 13.97562995  4.4029567   1.03149267]
  [58.51291831 19.77469305 15.37233723  4.96303448  1.37701694]
  [50.35872639 27.43624615 16.37928263  4.96492135  0.86082347]
  ...
  [84.19187722  8.12565855  5.05219638  2.00014325  0.63012459]
  [92.73267908  3.55329881  2.07807618  1.13796081  0.49798512]
  [55.19711468 16.7302991  11.33566463 12.69766504  4.03925654]]

 [[56.54743162 27.09939241  9.29658013  6.4904056   0.56619024]
  [58.41854494 24.51085946  9.66840608  6.77693963  0.62524989]
  [46.79976141 31.75693603 14.01811802  6.78807502  0.63710953]
  ...
  [69.88069823 20.21027544  6.19934995  2.98429852  0.72537787]
  [59.11403512 26.60340475  9.40778221  4.13785099  0.73692693]
  [47.06925322 25.11917033 14.33961399 10.82046751  2.65149496]]

 [[67.84724978 11.5056375   7.15157744  9.12012966  4.37540562]
  [66.50945008 11.56851671  7.54886884  9.6697634   4.70340097]
  [68.17392757  8.07216865  8.66605054 11.02398555  4.06386768]
  ...
  [74.17744071  7.60138452  6.34686034  7.94523568  3.92907875]
  [60.1832498  11.06032555  8.46494452 12.97794337  7.31353675]
  [46.55613758 10.97729374 15.42265452 21.63520413  5.40871003]]]