[[[61.9543001  15.42181577 11.94246038  7.61123608  3.07018767]
  [77.12225784  9.44766407  7.02725436  4.57018601  1.83263773]
  [82.54907589  8.32111815  5.9330504   2.30904573  0.88770983]
  ...
  [91.78020286  4.03338365  2.46855728  1.18517645  0.53267976]
  [92.81851878  4.74912268  1.66977536  0.502973    0.25961018]
  [79.10713922  7.90078854  6.7095871   4.84396446  1.43852068]]

 [[66.85523885 12.91768256  3.83423719 10.1736525   6.21918889]
  [58.34788299 12.17112966  3.81438834 16.05124998  9.61534902]
  [53.03091222 19.44318659  4.91087189 14.0354919   8.5795374 ]
  ...
  [72.98314916  5.56646869  2.17901692 10.15640223  9.114963  ]
  [37.74874624 11.5049564   5.48861667 26.82882038 18.42886032]
  [38.64017521  7.11742445 14.08531991 37.27751563  2.8795648 ]]

 [[69.56727918  6.42449068  8.58986373 11.27451656  4.14384985]
  [64.89923721  7.77759342  9.3992     13.07404166  4.8499277 ]
  [89.40296254  3.20129496  2.35903014  3.8831403   1.15357207]
  ...
  [72.99966117  5.05601825  8.6773053   9.65382967  3.61318561]
  [74.35930205  4.86073782  7.24168575  9.382502    4.15577238]
  [57.46432961  9.05560868  8.9616615  18.13047982  6.38792039]]

 ...

 [[70.21786748 11.49255676  8.69521512  7.14802708  2.44633357]
  [68.55156029 11.34808051  9.68369848  7.77123717  2.64542356]
  [78.99647331  8.52180134  4.23160518  4.99560354  3.25451662]
  ...
  [72.12443587 10.69998218  7.26243577  6.63169773  3.28144845]
  [77.9040037   9.339788    5.46041499  4.92291041  2.3728829 ]
  [57.12442611 11.38465193 10.87766622 14.55912741  6.05412834]]

 [[62.6048905  15.80064516  7.79837359  9.6860972   4.10999356]
  [62.96396145 12.20471211  5.61016805 13.25549073  5.96566765]
  [52.83444803 23.8919849  11.43316131  9.31475856  2.52564719]
  ...
  [68.16862977 13.29092046  4.98248551  9.16388025  4.39408402]
  [71.19278695 11.53102157  4.09349251  8.77302878  4.40967019]
  [53.13155618 14.51494729 10.86292523 15.53036637  5.96020493]]

 [[73.93631392  7.48474038  7.75952101  7.91662892  2.90279577]
  [73.66459182  8.51428882  7.09466561  7.81566128  2.91079248]
  [98.52633101  0.59010868  0.41255547  0.35023162  0.12077322]
  ...
  [67.09531927  9.49384672  8.10041256 10.95225159  4.35816986]
  [79.53489982  6.58101197  5.04129538  6.25481711  2.58797571]
  [71.5386105   8.94830392  6.21833051 10.28873859  3.00601648]]]