[[[86.57696945  4.49135704  6.50083808  1.78105747  0.64977795]
  [93.07606203  2.3728025   3.21679005  1.01064154  0.32370388]
  [87.19518589  3.52702033  7.36979392  1.53271713  0.37528273]
  ...
  [98.08432693  0.45698756  0.7244688   0.52081768  0.21339903]
  [97.12696598  0.76340251  1.3168634   0.53642879  0.25633932]
  [68.76983808  7.88378045 15.51768387  5.43672055  2.39197705]]

 [[65.12127896  9.48709454  8.13095792 10.9419404   6.31872818]
  [64.1027342   9.27081043  8.29931368 11.52228407  6.80485762]
  [75.72167698 10.01281222  3.10394419  7.1011689   4.06039771]
  ...
  [63.04738883  9.47916856  9.45065471 11.26519077  6.75759713]
  [69.8633288   7.13131761  5.90203093 10.54799842  6.55532423]
  [52.07824031  9.58963735  5.78448547 20.48409587 12.063541  ]]

 [[53.43916477 11.5915921  13.50170841 15.41822459  6.04931012]
  [55.28314354 11.6724168   9.32014349 16.61400877  7.1102874 ]
  [62.01540893 13.17197651  8.93376659 11.9461771   3.93267087]
  ...
  [52.24434659 10.67720039 10.72302241 18.24652312  8.10890749]
  [56.47813095  8.29414852  5.16305056 20.03978593 10.02488403]
  [53.60834846  6.13564139 10.06463316 18.23253426 11.95884273]]

 ...

 [[73.31778588 11.32918187  6.44404676  6.57858161  2.33040388]
  [75.33536069 10.76657037  5.85499232  5.99278825  2.05028838]
  [63.42034796 17.56090791  9.9261004   7.01843935  2.07420438]
  ...
  [80.35101511  8.84719254  4.41909571  4.68157234  1.7011243 ]
  [77.49768115  8.68520335  5.15913377  6.29852424  2.35945749]
  [57.15682934 13.28109121 11.30485657 12.93442198  5.3228009 ]]

 [[80.44993146  7.44143718  6.79062365  4.04076407  1.27724364]
  [80.62921101  7.77174213  5.89773759  4.13361092  1.56769835]
  [70.91809615 13.13875243  9.85471604  4.84474041  1.24369497]
  ...
  [79.10165871  8.89236554  5.72695148  4.30657623  1.97244804]
  [89.12294909  4.5115031   2.55397388  2.53459883  1.2769751 ]
  [77.22023026  8.6420861   5.6010179   5.9166081   2.62005764]]

 [[74.16537198 11.17953484  7.0359804   5.57722665  2.04188613]
  [71.38921917 13.49629805  7.64485522  5.62402382  1.84560374]
  [98.19247071  0.68530861  0.48934496  0.46641917  0.16645655]
  ...
  [88.61585539  4.40663196  2.78759696  2.93001161  1.25990408]
  [80.88551729  9.23039113  5.02252208  3.65704643  1.20452307]
  [75.80353766  4.6547311   3.98789912 10.2615576   5.29227451]]]