[[[91.0244578   2.82710834  3.03252278  1.91246226  1.20344882]
  [88.74569479  2.94084933  4.33296478  2.64251508  1.33797602]
  [94.11907264  1.77627671  2.34877861  1.11607557  0.63979647]
  ...
  [93.07024173  2.59770732  2.25689561  1.32514786  0.75000747]
  [94.88533679  1.8935222   1.60444854  0.95555858  0.66113389]
  [75.70399739  7.50255181  6.53202019  6.67239832  3.5890323 ]]

 [[74.25139859  6.83893578  9.760503    5.73996619  3.40919644]
  [73.03004042  7.07236122 10.60313948  5.77945754  3.51500134]
  [68.89032344 13.31861266  6.16816488  7.20094007  4.42195895]
  ...
  [64.37153259  5.19793436  5.82028729 10.82828784 13.78195792]
  [68.56955297  3.79853288  4.5558594   8.58084059 14.49521416]
  [43.79437439 10.45030793 12.77703706 16.93802089 16.04025973]]

 [[55.03652465 15.61233485  8.92340557 16.64410298  3.78363195]
  [62.21325091 12.93943809  7.07740899 14.13436043  3.63554158]
  [89.27911102  4.09296918  2.10779232  3.76643089  0.75369659]
  ...
  [64.81018527 10.719417    7.9511177  13.5183676   3.00091243]
  [70.25261536  6.6677311   5.6556608  12.74412939  4.67986335]
  [56.37087207  9.71212924 10.56466259 17.51816561  5.83417049]]

 ...

 [[50.46478795 13.60229852 23.13194407 10.60741061  2.19355885]
  [50.64563781 13.66561385 22.82996165 10.65713237  2.20165433]
  [54.43445948 17.99767212 13.64401418 11.68974525  2.23410896]
  ...
  [50.95222603 13.13283772 23.83855613  9.75942604  2.31695408]
  [64.25320477 11.47878716 15.67901818  6.919671    1.66931889]
  [55.71236262 14.55345233 12.2836583  14.28140409  3.16912266]]

 [[65.03796573 16.31455536  5.94023748  9.41029734  3.29694408]
  [65.65214199 12.03959277  4.07560932 12.7863416   5.44631432]
  [49.94651228 27.71983352 13.14293372  7.7891918   1.40152868]
  ...
  [65.98737964 11.81021373  4.93984887 12.16091364  5.10164411]
  [71.48733775 11.12186902  3.86968143  9.70878965  3.81232215]
  [50.63474989 13.98754623 10.36496581 17.4451519   7.56758618]]

 [[72.28134435  9.3952137   7.08125819  8.1973834   3.04480037]
  [72.4760802   8.46818162  7.4703806   8.38349706  3.20186052]
  [92.81267681  2.8152962   1.76064183  1.78212732  0.82925784]
  ...
  [79.33906229  7.97332882  4.45272407  5.56025769  2.67462713]
  [75.76513435  7.8793522   5.4645698   7.59363123  3.29731242]
  [61.03719956 11.65772991 10.02481878 12.97168283  4.30856893]]]