[[[85.46078897  3.91991862  7.75899301  2.25282976  0.60746964]
  [91.80691347  2.32387835  4.00590345  1.38351292  0.4797918 ]
  [76.20846524  7.29724792 12.9375622   2.76937111  0.78735353]
  ...
  [95.85668771  0.87445262  2.15822913  0.79634252  0.31428802]
  [96.02868619  0.99973703  2.07465108  0.61556323  0.28136248]
  [75.45023543  7.35683719 10.33295108  5.2106479   1.64932841]]

 [[50.47622275 11.18926303  5.63238722 17.08571187 15.61641512]
  [48.20395172  9.99227113  5.04508899 20.13488727 16.62380089]
  [71.59055126 12.97252689  4.13578966  6.93475785  4.36637434]
  ...
  [34.70650711  3.87907474  3.87626171 25.38573816 32.15241829]
  [69.92666214  4.11110936  2.24261835 11.3961301  12.32348005]
  [55.22760242 14.75325358  8.51534063 12.86639348  8.63740989]]

 [[67.41003193  9.94895545  7.21355019 12.62695246  2.80050996]
  [72.19538749  8.59834325  6.18828254 10.83200434  2.18598238]
  [97.96358392  0.84462891  0.38692701  0.64832394  0.15653623]
  ...
  [84.1265333   5.27755649  3.21321096  6.14372704  1.23897221]
  [90.65332333  2.998661    2.0432311   3.57750394  0.72728063]
  [84.74183785  4.37185232  3.92299753  6.16110174  0.80221057]]

 ...

 [[54.10683969 23.87712608 11.79045362  8.06472956  2.16085105]
  [54.63398936 22.40891809 12.44905321  8.24642376  2.26161558]
  [61.02929659 20.77780586  8.41489328  7.78702971  1.99097456]
  ...
  [53.2225711  24.6448825  12.14864769  7.82585941  2.1580393 ]
  [58.13116768 23.35274882 10.12618342  6.4272038   1.96269627]
  [72.03920822  8.62450859  8.88881447  7.84154839  2.60592034]]

 [[68.06772681 13.27628358  4.39866268  9.59283511  4.66449182]
  [63.99790718 13.42783093  3.81603013 12.31535429  6.44287747]
  [62.26099848 21.79080986  6.87114565  7.02822849  2.04881752]
  ...
  [66.18883864 15.2742329   3.77179551 10.2019022   4.56323076]
  [68.49099267 14.19766988  3.6012147   9.29612726  4.41399549]
  [74.56695123  8.16207245  4.63762003  8.84763807  3.78571822]]

 [[67.80670102  6.46246947 11.908196    9.4550647   4.3675688 ]
  [71.36314875  6.82668047  9.94852553  8.09778369  3.76386156]
  [97.97221855  0.79900514  0.48837175  0.42999239  0.31041217]
  ...
  [85.68831001  3.28963585  4.15547577  4.36889786  2.49768051]
  [86.38272971  3.66666871  4.12935401  3.87685831  1.94438926]
  [63.66059715  8.02875195  8.32020007 15.09292643  4.8975244 ]]]