[[[92.62018693  1.5387503   4.55458171  1.03597707  0.25050399]
  [96.56040232  0.80152453  1.81404917  0.57624768  0.24777631]
  [79.62792162  4.62363257 12.92171594  2.16496379  0.66176608]
  ...
  [97.16532738  1.16478399  1.12519004  0.36472193  0.17997665]
  [96.75074003  1.83028079  0.95623161  0.33188018  0.13086739]
  [75.77655048  6.7715476  10.57645947  4.61455572  2.26088672]]

 [[71.99048264 10.07239977  4.70828589  7.59091294  5.63791876]
  [75.57062533  8.47520093  4.48039252  6.66159136  4.81218987]
  [83.56619051  7.75476849  2.12327621  4.22482277  2.33094203]
  ...
  [85.79403783  4.00421679  2.71777064  4.33068813  3.15328661]
  [70.3751194  10.02665606  6.02514598  8.08229873  5.49077983]
  [50.38505896  9.10339546  9.40107659 18.59702273 12.51344626]]

 [[50.91149194 11.99532359 11.46267447 17.79841037  7.83209962]
  [47.58385863 10.96266092  9.33991421 21.58291482 10.53065142]
  [54.60441238 13.73302939 11.4512695  15.29092989  4.92035884]
  ...
  [46.50410386  8.81146892 10.83029323 21.95539632 11.89873767]
  [44.38514882  9.71844008  6.71156534 26.96156227 12.22328349]
  [88.51485831  6.44854754  2.45670017  2.11844482  0.46144915]]

 ...

 [[69.9299617  13.10181661  8.57871653  6.33552265  2.05398252]
  [71.20872874 12.82940243  7.57662933  6.27549098  2.10974852]
  [72.60493599 14.44090008  7.05078566  4.85106461  1.05231364]
  ...
  [77.9541591   8.81664488  5.47733861  5.75056741  2.00129001]
  [84.68067326  7.47005593  3.46191342  3.22235554  1.16500185]
  [81.1106533   6.03759083  4.49978209  5.63170321  2.72027057]]

 [[80.41070749  8.49615852  5.00567131  4.56237088  1.5250918 ]
  [81.45089911  8.09393165  4.26964682  4.54480946  1.64071296]
  [66.63587468 17.4874086   9.20659379  5.52694211  1.14318082]
  ...
  [83.34661316  7.70461195  3.47028502  3.69862395  1.77986591]
  [88.20331127  5.87355947  2.06144005  2.58962658  1.27206263]
  [80.69116547  6.4948606   4.56446508  6.27248438  1.97702448]]

 [[92.56127614  2.77459848  1.97808375  1.92165984  0.7643818 ]
  [94.29245332  1.21503422  1.50864872  2.0478251   0.93603864]
  [98.54375408  0.59625535  0.33847012  0.37671719  0.14480327]
  ...
  [72.63340471 11.45646209  6.98258858  6.60826799  2.31927663]
  [84.36649913  5.98140975  2.87364873  4.44668424  2.33175815]
  [30.96106824  8.15450309 24.73206386 24.45990432 11.6924605 ]]]