[[[73.38031447  6.21587183 16.41233444  3.07200596  0.91947331]
  [88.12725771  2.75086293  7.29793541  1.39780637  0.42613758]
  [66.85138031  6.68341557 22.41141633  3.12915555  0.92463224]
  ...
  [94.50180501  1.04451141  2.88534704  1.0942576   0.47407894]
  [94.92035326  0.77810225  3.36198545  0.65208825  0.28747078]
  [59.4516141   7.61603234 23.58016764  7.01140173  2.34078419]]

 [[89.96538761  6.58359824  1.63313498  1.34422876  0.47365041]
  [91.74315981  5.60923772  1.18712413  1.0777743   0.38270405]
  [86.26486485  9.14874898  2.24062726  1.78057748  0.56518143]
  ...
  [97.91654086  0.95932116  0.33972653  0.54381253  0.24059893]
  [96.11212473  2.00192445  0.65783953  0.88149531  0.34661598]
  [49.23716259  7.46079096 11.6309328  29.90947603  1.76163762]]

 [[59.48135174  8.36287793 14.30198392 12.84346078  5.01032563]
  [64.10096464  7.83419412 13.41432869 10.96625379  3.68425875]
  [56.1407355  10.63704812 16.92940091 12.87040069  3.42241479]
  ...
  [94.31408916  2.35305947  1.63788274  1.36240795  0.33256069]
  [72.9469485   8.13204965  7.80546283  8.38394733  2.73159169]
  [62.23532891  8.42018665  9.3419882  13.60341299  6.39908325]]

 ...

 [[63.72895835 23.20729275  7.59888712  4.75572922  0.70913256]
  [48.11852972 32.5145748  11.32606193  6.89585713  1.14497642]
  [67.11598472 21.27598184  7.2284637   3.90989052  0.46967922]
  ...
  [82.22107888  8.12965923  5.19927535  3.56061217  0.88937436]
  [95.92380562  2.12937184  1.08324609  0.72779559  0.13578086]
  [62.63787773 14.94193374 11.70880683  8.92270408  1.78867762]]

 [[55.73336027 27.21753591  9.85446787  6.41375253  0.78088342]
  [56.80993215 27.09380437  9.63984986  5.86342612  0.5929875 ]
  [51.05144327 30.16530753 12.27038081  5.83160609  0.68126231]
  ...
  [73.30405274 15.98411258  6.42779318  3.25996712  1.02407439]
  [66.5612379  18.85099063  9.98722792  3.84725654  0.75328701]
  [65.9268595  15.41747159  9.73913058  6.48993544  2.42660289]]

 [[72.34591049  8.94316426  7.24905894  8.42009931  3.041767  ]
  [76.29096005  8.18992666  5.27064857  7.41783392  2.83063079]
  [69.01850021  7.85886971  8.90809527 10.44535132  3.76918349]
  ...
  [71.24743894  9.27622424  7.52416903  8.39135829  3.56080951]
  [72.46574296  6.88956229  7.60838478  9.16157678  3.87473319]
  [62.41546084  8.84578047  8.47204699 15.54554263  4.72116906]]]