[[[8.63433409e+01 4.66548449e+00 6.34232859e+00 2.05628038e+00
   5.92565591e-01]
  [9.21004236e+01 2.69862491e+00 3.46522701e+00 1.35518736e+00
   3.80537159e-01]
  [9.26886734e+01 2.93527463e+00 3.15554444e+00 9.48764657e-01
   2.71742865e-01]
  ...
  [9.73236156e+01 9.53654581e-01 1.21023946e+00 3.69079767e-01
   1.43410623e-01]
  [9.66330256e+01 1.95319182e+00 1.00017388e+00 3.27513730e-01
   8.60949233e-02]
  [6.45458769e+01 9.26273257e+00 1.18991164e+01 9.87404804e+00
   4.41822618e+00]]

 [[4.84322411e+01 1.88889501e+01 5.88847140e+00 1.62017075e+01
   1.05886299e+01]
  [5.55601287e+01 2.00074850e+01 6.43058275e+00 1.00199179e+01
   7.98188573e+00]
  [5.51040694e+01 2.38202274e+01 6.00515152e+00 9.40094647e+00
   5.66960521e+00]
  ...
  [5.16794470e+01 5.69842991e+00 3.47174962e+00 1.97676230e+01
   1.93827505e+01]
  [5.53557209e+01 5.59954243e+00 3.33553696e+00 1.65163340e+01
   1.91928657e+01]
  [4.06001569e+01 1.18258802e+01 1.49489960e+01 1.99883834e+01
   1.26365835e+01]]

 [[5.91120395e+01 1.08493591e+01 9.02854284e+00 1.44365892e+01
   6.57346936e+00]
  [6.33465682e+01 8.69599782e+00 8.44262682e+00 1.35094069e+01
   6.00540024e+00]
  [8.49171925e+01 4.26682811e+00 2.52192955e+00 5.49143321e+00
   2.80261660e+00]
  ...
  [8.66845061e+01 3.09727652e+00 3.28897565e+00 4.75606654e+00
   2.17317516e+00]
  [7.74062694e+01 5.47092829e+00 4.10398213e+00 8.74996524e+00
   4.26885498e+00]
  [4.04202219e+01 9.77696258e+00 1.20324052e+01 2.50474413e+01
   1.27229689e+01]]

 ...

 [[6.18553261e+01 1.95802208e+01 8.91393333e+00 7.07609749e+00
   2.57442224e+00]
  [6.00329273e+01 1.68198545e+01 1.12316282e+01 8.73375579e+00
   3.18183416e+00]
  [7.13843737e+01 2.05717613e+01 3.73888361e+00 3.32196487e+00
   9.83016461e-01]
  ...
  [5.95162327e+01 1.74396347e+01 1.09633849e+01 8.81462987e+00
   3.26611784e+00]
  [7.13965570e+01 1.71779222e+01 5.63752779e+00 4.15942320e+00
   1.62856984e+00]
  [6.96856717e+01 8.87997442e+00 1.05155567e+01 7.95449868e+00
   2.96429853e+00]]

 [[7.14296601e+01 1.38843014e+01 5.23015250e+00 5.87658650e+00
   3.57929952e+00]
  [7.06370446e+01 1.36587796e+01 5.56981847e+00 6.34039446e+00
   3.79396287e+00]
  [6.35623512e+01 2.10724444e+01 6.04446413e+00 6.59858730e+00
   2.72215302e+00]
  ...
  [7.13688669e+01 1.15740127e+01 6.73892977e+00 6.58869151e+00
   3.72949911e+00]
  [7.42603315e+01 1.15389151e+01 4.82047763e+00 5.70538041e+00
   3.67489529e+00]
  [6.46763185e+01 1.21281324e+01 8.21166113e+00 1.10477602e+01
   3.93612778e+00]]

 [[6.64799806e+01 1.68146870e+01 7.22014848e+00 5.37844212e+00
   4.10674185e+00]
  [6.67147797e+01 1.64423644e+01 6.77490028e+00 5.43814667e+00
   4.62980895e+00]
  [6.47406490e+01 1.54686858e+01 9.44019299e+00 7.33235342e+00
   3.01811881e+00]
  ...
  [6.67424073e+01 1.58050467e+01 6.21043617e+00 6.31231901e+00
   4.92979080e+00]
  [6.95691465e+01 1.60060330e+01 6.20244491e+00 4.90220836e+00
   3.32016728e+00]
  [5.64906826e+01 1.13281665e+01 1.14021428e+01 1.57844615e+01
   4.99454661e+00]]]