[[[73.59528649 11.10705054 10.84348064  3.30194664  1.15223568]
  [78.38483903  8.63938261  8.85152554  3.08403106  1.04022176]
  [82.34479026  5.71327245  8.8555594   2.32145129  0.7649266 ]
  ...
  [93.74766672  1.82518244  2.43012176  1.37873811  0.61829098]
  [94.91129961  1.47356459  2.2255958   0.91295689  0.47658312]
  [73.2484247   6.95096534 11.71981171  5.58417208  2.49662617]]

 [[92.61049146  4.25477478  1.36191022  1.16551293  0.6073106 ]
  [93.64300151  3.75513373  1.12843154  0.96844376  0.50498946]
  [87.50569117  7.2452514   2.34348708  2.11093637  0.79463398]
  ...
  [96.15417395  1.11365375  0.33478833  1.33598772  1.06139624]
  [95.79418928  1.71981303  0.42137993  1.07988862  0.98472913]
  [74.98660747  7.9166699   5.84489094  8.20812644  3.04370525]]

 [[61.0299637   8.4843547  16.46934814 10.75594719  3.26038628]
  [67.29453184  6.67571879 14.19688801  9.38568321  2.44717816]
  [57.97996588 10.27966556 18.30765546 11.29697125  2.13574185]
  ...
  [94.35908024  2.37832382  1.63940034  1.35240513  0.27079047]
  [81.67728052  5.52201698  5.74059322  5.50386242  1.55624687]
  [46.52969553 10.51766665 14.27846517 19.5504121   9.12376056]]

 ...

 [[74.43322144 13.76282247  7.16836875  3.77593006  0.85965728]
  [60.77080318 20.18163161 11.05307505  6.29764756  1.6968426 ]
  [74.50598247 14.24150987  7.29941859  3.31500342  0.63808566]
  ...
  [87.25772639  4.82082707  4.42760432  2.61168602  0.88215619]
  [96.60366474  1.33509588  1.09852865  0.73766953  0.2250412 ]
  [65.24277959 10.85036438  9.79429301  9.67386398  4.43869904]]

 [[59.0168523  24.60778227  9.22254747  6.44495057  0.70786739]
  [58.34535609 25.73298766  8.65439447  6.5310196   0.73624219]
  [55.31769718 24.94358514 12.51944802  6.10213186  1.1171378 ]
  ...
  [80.36165459 10.80589585  5.35819873  2.73409535  0.74015548]
  [72.14827979 16.32056888  7.12343752  3.62821899  0.77949483]
  [65.9250112  16.15533335  7.69453611  7.74912507  2.47599427]]

 [[87.68732043  4.37152294  4.20653684  2.55145878  1.18316101]
  [89.39478727  3.68662584  3.51704577  2.2849877   1.11655342]
  [96.9615575   1.068802    0.91539721  0.69620684  0.35803645]
  ...
  [99.05589691  0.42457759  0.22381382  0.18836535  0.10734633]
  [98.95056249  0.3758518   0.28175154  0.25797737  0.13385679]
  [74.29835659  5.59190061  7.17180555 10.80995767  2.12797959]]]