{
 "cells": [
  {
   "cell_type": "code",
   "execution_count": 4,
   "metadata": {},
   "outputs": [
    {
     "name": "stdout",
     "output_type": "stream",
     "text": [
      "C:\\Users\\whbom\\projectspace\\eeg_matlab\n"
     ]
    }
   ],
   "source": [
    "cd eeg_matlab"
   ]
  },
  {
   "cell_type": "code",
   "execution_count": 3,
   "metadata": {},
   "outputs": [],
   "source": [
    "import numpy as np\n",
    "import matplotlib.pyplot as plt\n",
    "import seaborn as sns\n",
    "import os"
   ]
  },
  {
   "cell_type": "code",
   "execution_count": 4,
   "metadata": {},
   "outputs": [],
   "source": [
    "data = np.loadtxt('./EOG_resting_closed_nose_revised.txt') #shape:(35, 60000)"
   ]
  },
  {
   "cell_type": "code",
   "execution_count": 5,
   "metadata": {},
   "outputs": [],
   "source": [
    "#sti_number_or = ['1-back_mouth_revised', '1-back_nose_revised', '1-back_o2_revised', '2-back_mouth_revised', '2-back_nose_revised', '2-back_o2_revised', 'resting_closed_mouth_revised', 'resting_closed_nose_revised', 'resting_closed_o2_revised','resting_open_mouth_revised', 'resting_open_nose_revised', 'resting_open_o2_revised']\n",
    "#sti_number_ica = ['EOG_1-back_mouth_revised', 'EOG_1-back_nose_revised', 'EOG_1-back_o2_revised', 'EOG_2-back_mouth_revised', 'EOG_2-back_nose_revised', 'EOG_2-back_o2_revised', 'EOG_resting_closed_mouth_revised', 'EOG_resting_closed_nose_revised', 'EOG_resting_closed_o2_revised', 'EOG_resting_open_mouth_revised', 'EOG_resting_open_nose_revised', 'EOG_resting_open_o2_revised']\n",
    "\n",
    "sti_number_or =['resting_closed_nose_revised'] #WHAT IS or?\n",
    "sti_number_ica  = ['EOG_resting_closed_nose_revised'] #WHAT IS ica?\n",
    "\n",
    "frequency_band=['delta', 'theta', 'alpha', 'beta', 'gamma'] "
   ]
  },
  {
   "cell_type": "markdown",
   "metadata": {},
   "source": [
    "'delta', 'theta', 'alpha', 'beta', 'gamma'"
   ]
  },
  {
   "cell_type": "code",
   "execution_count": 6,
   "metadata": {},
   "outputs": [],
   "source": [
    "# sampling frequency\n",
    "Fs = 250 \n",
    "# sampling period\n",
    "T = 1/Fs \n",
    "# channel number \n",
    "nCh = 35\n",
    "\n",
    "# 각 sub band 범위\n",
    "Wn = [0.5, 4, 8, 13, 30, 50]\n",
    "sz = len(Wn)-1"
   ]
  },
  {
   "cell_type": "code",
   "execution_count": 7,
   "metadata": {},
   "outputs": [],
   "source": [
    "order=['first','second','third','fourth']"
   ]
  },
  {
   "cell_type": "code",
   "execution_count": 8,
   "metadata": {},
   "outputs": [],
   "source": [
    "freq_ratio = np.zeros((nCh,sz))\n",
    "freq_ratio_abs = np.zeros((nCh,sz))"
   ]
  },
  {
   "cell_type": "markdown",
   "metadata": {},
   "source": [
    "5분간격으로 fft를 사용해 data를 변환함\n",
    "* 1분단위로 변환하기 위해서는 scan_durations parameter를 이용해 xi,L,t를 조정하면 될 것"
   ]
  },
  {
   "cell_type": "code",
   "execution_count": 20,
   "metadata": {},
   "outputs": [
    {
     "data": {
      "text/plain": [
       "60000"
      ]
     },
     "execution_count": 20,
     "metadata": {},
     "output_type": "execute_result"
    }
   ],
   "source": [
    "data.shape[1]"
   ]
  },
  {
   "cell_type": "code",
   "execution_count": 37,
   "metadata": {},
   "outputs": [],
   "source": [
    "def eeg_2_FFT():\n",
    "    sub_num = int(input(\"subject :\"))\n",
    "    all_ratio = np.zeros((sub_num,nCh,sz)) #all_ratio_Relative\n",
    "    all_ratio_abs = np.zeros((sub_num,nCh,sz))\n",
    "\n",
    "    fin_all_ratio = []\n",
    "    \n",
    "    St=int(input(\"data split time : \"))\n",
    "    #data 1분씩 4개로 쪼개기\n",
    "    for t in range(0,St):\n",
    "        order_name=str(order[t])\n",
    "        \n",
    "        for iii in range(0,len(sti_number_ica)):\n",
    "            txt_fname2=str(sti_number_ica[iii])\n",
    "\n",
    "            for ii in range(0, sub_num):\n",
    "                file_location = './S{}/{}.txt'.format(ii+1,sti_number_ica[iii])\n",
    "                all_path ='./Tsplit_data/all/{}'.format(txt_fname2)\n",
    "\n",
    "                #sti_number_ica 별 all subject fft data 저장 파일 생성 \n",
    "                if not os.path.isdir(all_path):\n",
    "                    os.makedirs(os.path.join(all_path)) \n",
    "\n",
    "                \n",
    "                data_m = np.loadtxt(file_location)\n",
    "                # data를 4분으로 쪼개 순차적으로 진행\n",
    "                datat=data_m[:,int(t*(data.shape[1]/St)):int((t+1)*(int(data.shape[1])/St))]\n",
    "\n",
    "                # 스캔시간\n",
    "                scan_duration_s = datat.shape[1]/Fs\n",
    "                # 0~scan_duration_s까지의 시간을 T steps, 실제 실험 시간\n",
    "                #xi.shape = (60000,)\n",
    "                xi = np.arange(0,scan_duration_s,T)\n",
    "                # L=60000\n",
    "                L = xi.shape[0]\n",
    "                # t.shape = (60000,)\n",
    "                t = np.arange(0,L)*T\n",
    "                \n",
    "                \n",
    "                for i in range(0,nCh):\n",
    "\n",
    "                    data1d_or = datat[i] #이게 멀까요?\n",
    "                    data1d_ica = datat[i] #이것도요\n",
    "                    if np.mean(data1d_or)==0:\n",
    "                        data1d_ica = 0\n",
    "\n",
    "                    data1d=data1d_ica\n",
    "\n",
    "                    Y = np.fft.fft(data1d)\n",
    "\n",
    "                    # Y/60000 절댓값 처리 이후 제곱, 대칭이룸\n",
    "                    P2 = np.abs(Y/L)**2 \n",
    "                    P1 = P2[0:int(L/2)+1]\n",
    "                    # DC성분이기에 binary 경계로 인해 -1포함하지 않음\n",
    "                    # 0을 빼고서는 negative power를 얻어내기 위해 *2\n",
    "                    P1[1:-2] = 2*P1[1:-2] \n",
    "                    # P1(절반)의 실제 frequecy를 나타냄\n",
    "                    f = Fs* (np.arange(0,int(L/2)+1))/L \n",
    "\n",
    "                    #가대역폭, bool형태\n",
    "                    P1_valid = P1[(f>Wn[0])&(f<=Wn[-1])] \n",
    "                    f_valid = f[(f>Wn[0])&(f<=Wn[-1])]\n",
    "                    # true count() 대체가능\n",
    "                    total = sum(P1_valid) \n",
    "\n",
    "                    for isz in range(sz):\n",
    "                        freq_ratio[i,isz] = sum(P1_valid[(f_valid>Wn[isz])&(f_valid<=Wn[isz+1])])/total*100 #relative power\n",
    "                        freq_ratio_abs[i,isz] = sum(P1_valid[(f_valid>Wn[isz])&(f_valid<=Wn[isz+1])]) #abs, 개수\n",
    "\n",
    "\n",
    "                        # subject parmeter값이 다수가 될 시 이 부분 수정필요\n",
    "                        # 각 i열,isz 3D의 all ratio 1번째 행 따라 순차적으로 freq_ratio 값 대입 \n",
    "                        all_ratio[ii,i,isz] = freq_ratio[i,isz]\n",
    "                        # warning: all ratio[:,0,0]에도 feq_ratio값 대입되므로 non 처리\n",
    "                        all_ratio[1:,:,:]=0\n",
    "                        all_ratio_abs[ii,i,isz] = freq_ratio_abs[i,isz]\n",
    "                        all_ratio_abs[1:,:,:]=0\n",
    "\n",
    "\n",
    "                        fd_final= os.path.join('./Tsplit_data/{}_data_ratio_{}.txt'.format(order_name,txt_fname2))\n",
    "                        final_save_fname = open(fd_final, 'w')\n",
    "                        final_save_fname.write(str(freq_ratio))\n",
    "                        final_save_fname.close()\n",
    "                        #save(final_save_fname+'freq_ratio','-ascii','-double','-tabs'): \n",
    "                        # freq_ratio 변수를 만들고 16자리 정밀도를 가지는, 탭으로 구분된 텍스트 형식 파일에 저장\n",
    "\n",
    "                        fin_all_ratio=all_ratio\n",
    "\n",
    "                        for a in range(0, len(Wn)-1):\n",
    "                            path='./Tsplit_data/all/'+txt_fname2+'/'+order_name+'_data'\n",
    "                            if not os.path.isdir(path):\n",
    "                                os.makedirs(os.path.join(path)) \n",
    "                            \n",
    "                            #각 subband 따라 relative data file 생성\n",
    "                            #save(all_ratio_save_name+'all_ratio2'+'-ascii'+'-double'+'-tabs')\n",
    "                            all_ratio2 = str(all_ratio[:,:,a])\n",
    "                            fd1=os.path.join(path,'all_ratio_{}.txt'.format(frequency_band[a]))\n",
    "                            all_ratio_save_name = open(fd1,'w')\n",
    "                            all_ratio_save_name.write(all_ratio2)\n",
    "                            all_ratio_save_name.close()\n",
    "\n",
    "                            #각 subband 따라 abs data file 생성\n",
    "                            #save(all_ratio_ab_save_name+'all_ratio2_abs'+'-ascii'+'-double'+'-tabs')\n",
    "                            all_ratio2_abs=str(all_ratio_abs[:,:,a])\n",
    "                            fd2=os.path.join(path,'abs_all_ratio_{}.txt'.format(frequency_band[a]))\n",
    "                            all_ratio_save_name = open(fd2,'w')\n",
    "                            all_ratio_save_name.write(all_ratio2_abs)\n",
    "                            all_ratio_save_name.close()\n",
    "\n",
    "                            fin_all_ratio_1=str(fin_all_ratio[:,:,a])\n",
    "                            fd3=os.path.join('./Tsplit_data/{}_Analysis_file_{}.txt'.format(order_name,frequency_band[a]))\n",
    "                            fin_file_name=open(fd3,'w')\n",
    "                            fin_file_name.write(fin_all_ratio_1)\n",
    "                            fin_file_name.close()\n",
    "                            #save(fin_file_name+'fin_all_ratio_1'+'-ascii'+'-double'+'-tabs')\n",
    "    \n"
   ]
  },
  {
   "cell_type": "code",
   "execution_count": 41,
   "metadata": {
    "collapsed": true,
    "jupyter": {
     "outputs_hidden": true
    }
   },
   "outputs": [
    {
     "name": "stdin",
     "output_type": "stream",
     "text": [
      "subject : 1\n",
      "data split time :  4\n"
     ]
    },
    {
     "data": {
      "text/plain": [
       "(array([[[76.66018962,  8.04688935, 10.62093625,  3.44318242,\n",
       "           1.22880236],\n",
       "         [82.78931681,  5.87879645,  7.68452907,  2.7061477 ,\n",
       "           0.94120997],\n",
       "         [81.08907249,  6.27735349,  9.75769218,  2.28718094,\n",
       "           0.58870089],\n",
       "         [73.96623818,  8.35968327, 13.96228492,  3.04172947,\n",
       "           0.67006416],\n",
       "         [49.67116137, 14.67497679, 29.56594513,  4.89305256,\n",
       "           1.19486415],\n",
       "         [61.91787367,  8.77839003, 25.01324705,  3.69293914,\n",
       "           0.59755011],\n",
       "         [33.5073051 , 14.75557256, 47.54615531,  3.67363068,\n",
       "           0.51733635],\n",
       "         [30.95023533,  9.91248906, 55.27857896,  3.45065001,\n",
       "           0.40804664],\n",
       "         [30.42596022, 12.94862968, 52.55207323,  3.59372588,\n",
       "           0.47961099],\n",
       "         [29.05195013, 13.5714485 , 52.75641232,  4.0327376 ,\n",
       "           0.58745145],\n",
       "         [67.0481618 , 12.13696229, 14.18343657,  5.26927683,\n",
       "           1.36216251],\n",
       "         [62.9076759 , 13.40628374, 16.42820689,  5.64659426,\n",
       "           1.61123921],\n",
       "         [50.57896422, 14.89477895, 23.16562159,  8.15990562,\n",
       "           3.20072963],\n",
       "         [46.40402221, 14.4358828 , 29.16886355,  8.2870072 ,\n",
       "           1.70422425],\n",
       "         [35.06063735, 13.30564897, 45.15157502,  5.69255103,\n",
       "           0.78958764],\n",
       "         [28.9539391 , 11.33345511, 52.75745051,  6.1690038 ,\n",
       "           0.78615148],\n",
       "         [65.19922384, 14.72159859, 12.86089406,  5.62605241,\n",
       "           1.5922311 ],\n",
       "         [86.84311966,  2.58877915,  8.85337778,  1.4163717 ,\n",
       "           0.29835171],\n",
       "         [30.87084699, 12.77672906, 47.81526467,  7.49307063,\n",
       "           1.04408864],\n",
       "         [30.75978272, 14.31807132, 50.43783266,  3.90065645,\n",
       "           0.58365685],\n",
       "         [80.53728027,  6.47006999,  9.51882292,  2.65592283,\n",
       "           0.81790399],\n",
       "         [56.41357006, 12.66344044, 24.44225111,  5.39918366,\n",
       "           1.08155474],\n",
       "         [41.30329113, 15.13311694, 36.95266553,  5.4449797 ,\n",
       "           1.16594671],\n",
       "         [32.57358795, 12.67602133, 48.01388178,  5.88111795,\n",
       "           0.85539099],\n",
       "         [88.02698238,  4.10269102,  5.4414218 ,  1.91277621,\n",
       "           0.51612859],\n",
       "         [87.9954394 ,  4.2035451 ,  5.38070387,  1.82930736,\n",
       "           0.59100427],\n",
       "         [78.799802  ,  7.42672298,  9.80542054,  3.06950707,\n",
       "           0.89854741],\n",
       "         [74.17239847,  9.89431144, 11.12200018,  3.85536773,\n",
       "           0.95592219],\n",
       "         [56.98189253, 17.58850423, 16.42198883,  7.13880423,\n",
       "           1.86881019],\n",
       "         [59.27206861, 15.87761305, 15.45528782,  7.30642173,\n",
       "           2.08860879],\n",
       "         [39.93259739, 13.56493022, 37.45300406,  7.74226292,\n",
       "           1.30720541],\n",
       "         [34.55403666, 12.72644235, 42.89822811,  8.46465298,\n",
       "           1.35663992],\n",
       "         [93.32838498,  3.09662261,  1.78268692,  1.39456951,\n",
       "           0.39773598],\n",
       "         [96.12730962,  1.00717609,  1.68409103,  0.76298973,\n",
       "           0.41843352],\n",
       "         [74.10081886,  8.80839489,  9.46166465,  5.6170126 ,\n",
       "           2.01210901]]]),\n",
       " array([[[76.66018962,  8.04688935, 10.62093625,  3.44318242,\n",
       "           1.22880236],\n",
       "         [82.78931681,  5.87879645,  7.68452907,  2.7061477 ,\n",
       "           0.94120997],\n",
       "         [81.08907249,  6.27735349,  9.75769218,  2.28718094,\n",
       "           0.58870089],\n",
       "         [73.96623818,  8.35968327, 13.96228492,  3.04172947,\n",
       "           0.67006416],\n",
       "         [49.67116137, 14.67497679, 29.56594513,  4.89305256,\n",
       "           1.19486415],\n",
       "         [61.91787367,  8.77839003, 25.01324705,  3.69293914,\n",
       "           0.59755011],\n",
       "         [33.5073051 , 14.75557256, 47.54615531,  3.67363068,\n",
       "           0.51733635],\n",
       "         [30.95023533,  9.91248906, 55.27857896,  3.45065001,\n",
       "           0.40804664],\n",
       "         [30.42596022, 12.94862968, 52.55207323,  3.59372588,\n",
       "           0.47961099],\n",
       "         [29.05195013, 13.5714485 , 52.75641232,  4.0327376 ,\n",
       "           0.58745145],\n",
       "         [67.0481618 , 12.13696229, 14.18343657,  5.26927683,\n",
       "           1.36216251],\n",
       "         [62.9076759 , 13.40628374, 16.42820689,  5.64659426,\n",
       "           1.61123921],\n",
       "         [50.57896422, 14.89477895, 23.16562159,  8.15990562,\n",
       "           3.20072963],\n",
       "         [46.40402221, 14.4358828 , 29.16886355,  8.2870072 ,\n",
       "           1.70422425],\n",
       "         [35.06063735, 13.30564897, 45.15157502,  5.69255103,\n",
       "           0.78958764],\n",
       "         [28.9539391 , 11.33345511, 52.75745051,  6.1690038 ,\n",
       "           0.78615148],\n",
       "         [65.19922384, 14.72159859, 12.86089406,  5.62605241,\n",
       "           1.5922311 ],\n",
       "         [86.84311966,  2.58877915,  8.85337778,  1.4163717 ,\n",
       "           0.29835171],\n",
       "         [30.87084699, 12.77672906, 47.81526467,  7.49307063,\n",
       "           1.04408864],\n",
       "         [30.75978272, 14.31807132, 50.43783266,  3.90065645,\n",
       "           0.58365685],\n",
       "         [80.53728027,  6.47006999,  9.51882292,  2.65592283,\n",
       "           0.81790399],\n",
       "         [56.41357006, 12.66344044, 24.44225111,  5.39918366,\n",
       "           1.08155474],\n",
       "         [41.30329113, 15.13311694, 36.95266553,  5.4449797 ,\n",
       "           1.16594671],\n",
       "         [32.57358795, 12.67602133, 48.01388178,  5.88111795,\n",
       "           0.85539099],\n",
       "         [88.02698238,  4.10269102,  5.4414218 ,  1.91277621,\n",
       "           0.51612859],\n",
       "         [87.9954394 ,  4.2035451 ,  5.38070387,  1.82930736,\n",
       "           0.59100427],\n",
       "         [78.799802  ,  7.42672298,  9.80542054,  3.06950707,\n",
       "           0.89854741],\n",
       "         [74.17239847,  9.89431144, 11.12200018,  3.85536773,\n",
       "           0.95592219],\n",
       "         [56.98189253, 17.58850423, 16.42198883,  7.13880423,\n",
       "           1.86881019],\n",
       "         [59.27206861, 15.87761305, 15.45528782,  7.30642173,\n",
       "           2.08860879],\n",
       "         [39.93259739, 13.56493022, 37.45300406,  7.74226292,\n",
       "           1.30720541],\n",
       "         [34.55403666, 12.72644235, 42.89822811,  8.46465298,\n",
       "           1.35663992],\n",
       "         [93.32838498,  3.09662261,  1.78268692,  1.39456951,\n",
       "           0.39773598],\n",
       "         [96.12730962,  1.00717609,  1.68409103,  0.76298973,\n",
       "           0.41843352],\n",
       "         [74.10081886,  8.80839489,  9.46166465,  5.6170126 ,\n",
       "           2.01210901]]]),\n",
       " array([[[1.31886995e+02, 1.38439530e+01, 1.82723703e+01, 5.92368720e+00,\n",
       "          2.11404448e+00],\n",
       "         [2.05816615e+02, 1.46148565e+01, 1.91039596e+01, 6.72756075e+00,\n",
       "          2.33987496e+00],\n",
       "         [1.94874339e+02, 1.50858195e+01, 2.34498158e+01, 5.49658370e+00,\n",
       "          1.41477383e+00],\n",
       "         [1.32222037e+02, 1.49437686e+01, 2.49589785e+01, 5.43739517e+00,\n",
       "          1.19780660e+00],\n",
       "         [6.12424969e+01, 1.80936422e+01, 3.64535930e+01, 6.03293234e+00,\n",
       "          1.47321830e+00],\n",
       "         [1.27582494e+02, 1.80879740e+01, 5.15400845e+01, 7.60934375e+00,\n",
       "          1.23125890e+00],\n",
       "         [7.76468565e+01, 3.41932549e+01, 1.10179243e+02, 8.51294586e+00,\n",
       "          1.19882937e+00],\n",
       "         [1.17394386e+02, 3.75981169e+01, 2.09671906e+02, 1.30883315e+01,\n",
       "          1.54772280e+00],\n",
       "         [1.11018965e+02, 4.72472671e+01, 1.91753251e+02, 1.31128722e+01,\n",
       "          1.75001594e+00],\n",
       "         [7.99510347e+01, 3.73486580e+01, 1.45185770e+02, 1.10981033e+01,\n",
       "          1.61666776e+00],\n",
       "         [4.32199187e+01, 7.82360783e+00, 9.14278572e+00, 3.39662879e+00,\n",
       "          8.78063638e-01],\n",
       "         [3.77021134e+01, 8.03471471e+00, 9.84582739e+00, 3.38414246e+00,\n",
       "          9.65655187e-01],\n",
       "         [1.98179912e+01, 5.83611394e+00, 9.07681862e+00, 3.19723703e+00,\n",
       "          1.25411883e+00],\n",
       "         [1.39718969e+01, 4.34653413e+00, 8.78252220e+00, 2.49515462e+00,\n",
       "          5.13128915e-01],\n",
       "         [3.97410754e+01, 1.50818935e+01, 5.11791080e+01, 6.45248109e+00,\n",
       "          8.94994052e-01],\n",
       "         [3.42456706e+01, 1.34048003e+01, 6.23996019e+01, 7.29647428e+00,\n",
       "          9.29831501e-01],\n",
       "         [2.52816394e+01, 5.70844445e+00, 4.98693799e+00, 2.18155708e+00,\n",
       "          6.17403250e-01],\n",
       "         [7.08782085e-28, 2.11286776e-29, 7.22580624e-29, 1.15599127e-29,\n",
       "          2.43503859e-30],\n",
       "         [1.98030667e+01, 8.19603096e+00, 3.06725914e+01, 4.80666363e+00,\n",
       "          6.69763193e-01],\n",
       "         [8.61945393e+01, 4.01218556e+01, 1.41336036e+02, 1.09303531e+01,\n",
       "          1.63551330e+00],\n",
       "         [1.41629853e+02, 1.13780234e+01, 1.67394465e+01, 4.67060670e+00,\n",
       "          1.43833541e+00],\n",
       "         [4.54341167e+01, 1.01988268e+01, 1.96851943e+01, 4.34837115e+00,\n",
       "          8.71057869e-01],\n",
       "         [4.33599368e+01, 1.58866515e+01, 3.87926772e+01, 5.71610564e+00,\n",
       "          1.22400356e+00],\n",
       "         [3.70787518e+01, 1.44292071e+01, 5.46545504e+01, 6.69451928e+00,\n",
       "          9.73697781e-01],\n",
       "         [2.10945878e+02, 9.83159634e+00, 1.30397006e+01, 4.58373382e+00,\n",
       "          1.23683892e+00],\n",
       "         [2.68723624e+02, 1.28369366e+01, 1.64317862e+01, 5.58640433e+00,\n",
       "          1.80483001e+00],\n",
       "         [1.49505596e+02, 1.40906020e+01, 1.86036666e+01, 5.82372636e+00,\n",
       "          1.70479955e+00],\n",
       "         [6.07193355e+01, 8.09972481e+00, 9.10474076e+00, 3.15609811e+00,\n",
       "          7.82541229e-01],\n",
       "         [1.08001193e+01, 3.33365453e+00, 3.11255788e+00, 1.35306031e+00,\n",
       "          3.54206785e-01],\n",
       "         [1.00729749e+01, 2.69831644e+00, 2.62654450e+00, 1.24168777e+00,\n",
       "          3.54948029e-01],\n",
       "         [1.15283086e+01, 3.91611644e+00, 1.08124644e+01, 2.23514626e+00,\n",
       "          3.77382598e-01],\n",
       "         [7.76383133e+00, 2.85946191e+00, 9.63865989e+00, 1.90189466e+00,\n",
       "          3.04818901e-01],\n",
       "         [6.34772053e+02, 2.10616469e+01, 1.21249268e+01, 9.48515020e+00,\n",
       "          2.70519721e+00],\n",
       "         [3.33428093e+02, 3.49350049e+00, 5.84145401e+00, 2.64651339e+00,\n",
       "          1.45138246e+00],\n",
       "         [6.22299501e+01, 7.39729982e+00, 7.94591650e+00, 4.71717342e+00,\n",
       "          1.68977138e+00]]]),\n",
       " array([[76.66018962,  8.04688935, 10.62093625,  3.44318242,  1.22880236],\n",
       "        [82.78931681,  5.87879645,  7.68452907,  2.7061477 ,  0.94120997],\n",
       "        [81.08907249,  6.27735349,  9.75769218,  2.28718094,  0.58870089],\n",
       "        [73.96623818,  8.35968327, 13.96228492,  3.04172947,  0.67006416],\n",
       "        [49.67116137, 14.67497679, 29.56594513,  4.89305256,  1.19486415],\n",
       "        [61.91787367,  8.77839003, 25.01324705,  3.69293914,  0.59755011],\n",
       "        [33.5073051 , 14.75557256, 47.54615531,  3.67363068,  0.51733635],\n",
       "        [30.95023533,  9.91248906, 55.27857896,  3.45065001,  0.40804664],\n",
       "        [30.42596022, 12.94862968, 52.55207323,  3.59372588,  0.47961099],\n",
       "        [29.05195013, 13.5714485 , 52.75641232,  4.0327376 ,  0.58745145],\n",
       "        [67.0481618 , 12.13696229, 14.18343657,  5.26927683,  1.36216251],\n",
       "        [62.9076759 , 13.40628374, 16.42820689,  5.64659426,  1.61123921],\n",
       "        [50.57896422, 14.89477895, 23.16562159,  8.15990562,  3.20072963],\n",
       "        [46.40402221, 14.4358828 , 29.16886355,  8.2870072 ,  1.70422425],\n",
       "        [35.06063735, 13.30564897, 45.15157502,  5.69255103,  0.78958764],\n",
       "        [28.9539391 , 11.33345511, 52.75745051,  6.1690038 ,  0.78615148],\n",
       "        [65.19922384, 14.72159859, 12.86089406,  5.62605241,  1.5922311 ],\n",
       "        [86.84311966,  2.58877915,  8.85337778,  1.4163717 ,  0.29835171],\n",
       "        [30.87084699, 12.77672906, 47.81526467,  7.49307063,  1.04408864],\n",
       "        [30.75978272, 14.31807132, 50.43783266,  3.90065645,  0.58365685],\n",
       "        [80.53728027,  6.47006999,  9.51882292,  2.65592283,  0.81790399],\n",
       "        [56.41357006, 12.66344044, 24.44225111,  5.39918366,  1.08155474],\n",
       "        [41.30329113, 15.13311694, 36.95266553,  5.4449797 ,  1.16594671],\n",
       "        [32.57358795, 12.67602133, 48.01388178,  5.88111795,  0.85539099],\n",
       "        [88.02698238,  4.10269102,  5.4414218 ,  1.91277621,  0.51612859],\n",
       "        [87.9954394 ,  4.2035451 ,  5.38070387,  1.82930736,  0.59100427],\n",
       "        [78.799802  ,  7.42672298,  9.80542054,  3.06950707,  0.89854741],\n",
       "        [74.17239847,  9.89431144, 11.12200018,  3.85536773,  0.95592219],\n",
       "        [56.98189253, 17.58850423, 16.42198883,  7.13880423,  1.86881019],\n",
       "        [59.27206861, 15.87761305, 15.45528782,  7.30642173,  2.08860879],\n",
       "        [39.93259739, 13.56493022, 37.45300406,  7.74226292,  1.30720541],\n",
       "        [34.55403666, 12.72644235, 42.89822811,  8.46465298,  1.35663992],\n",
       "        [93.32838498,  3.09662261,  1.78268692,  1.39456951,  0.39773598],\n",
       "        [96.12730962,  1.00717609,  1.68409103,  0.76298973,  0.41843352],\n",
       "        [74.10081886,  8.80839489,  9.46166465,  5.6170126 ,  2.01210901]]))"
      ]
     },
     "execution_count": 41,
     "metadata": {},
     "output_type": "execute_result"
    }
   ],
   "source": [
    "eeg_2_FFT()"
   ]
  },
  {
   "cell_type": "code",
   "execution_count": 43,
   "metadata": {
    "jupyter": {
     "source_hidden": true
    }
   },
   "outputs": [
    {
     "name": "stdin",
     "output_type": "stream",
     "text": [
      "subject : 1\n",
      "data split time :  4\n"
     ]
    }
   ],
   "source": [
    "\n",
    "    sub_num = int(input(\"subject :\"))\n",
    "    all_ratio = np.zeros((sub_num,nCh,sz)) #all_ratio_Relative\n",
    "    all_ratio_abs = np.zeros((sub_num,nCh,sz))\n",
    "\n",
    "    fin_all_ratio = []\n",
    "    \n",
    "    St=int(input(\"data split time : \"))\n",
    "    #data 1분씩 4개로 쪼개기\n",
    "    for t in range(0,St):\n",
    "        order_name=str(order[t])\n",
    "        \n",
    "        for iii in range(0,len(sti_number_ica)):\n",
    "            txt_fname2=str(sti_number_ica[iii])\n",
    "\n",
    "            for ii in range(0, sub_num):\n",
    "                file_location = './S{}/{}.txt'.format(ii+1,sti_number_ica[iii])\n",
    "                all_path ='./Tsplit_data/all/{}'.format(txt_fname2)\n",
    "\n",
    "                #sti_number_ica 별 all subject fft data 저장 파일 생성 \n",
    "                if not os.path.isdir(all_path):\n",
    "                    os.makedirs(os.path.join(all_path)) \n",
    "\n",
    "                \n",
    "                data_m = np.loadtxt(file_location)\n",
    "                # data를 4분으로 쪼개 순차적으로 진행\n",
    "                datat=data_m[:,int(t*(data.shape[1]/St)):int((t+1)*(int(data.shape[1])/St))]\n",
    "\n",
    "                # 스캔시간\n",
    "                scan_duration_s = datat.shape[1]/Fs\n",
    "                # 0~scan_duration_s까지의 시간을 T steps, 실제 실험 시간\n",
    "                #xi.shape = (60000,)\n",
    "                xi = np.arange(0,scan_duration_s,T)\n",
    "                # L=60000\n",
    "                L = xi.shape[0]\n",
    "                # t.shape = (60000,)\n",
    "                t = np.arange(0,L)*T\n",
    "                \n",
    "                \n",
    "                for i in range(0,nCh):\n",
    "\n",
    "                    data1d_or = datat[i] #이게 멀까요?\n",
    "                    data1d_ica = datat[i] #이것도요\n",
    "                    if np.mean(data1d_or)==0:\n",
    "                        data1d_ica = 0\n",
    "\n",
    "                    data1d=data1d_ica\n",
    "\n",
    "                    Y = np.fft.fft(data1d)\n",
    "\n",
    "                    # Y/60000 절댓값 처리 이후 제곱, 대칭이룸\n",
    "                    P2 = np.abs(Y/L)**2 \n",
    "                    P1 = P2[0:int(L/2)+1]\n",
    "                    # DC성분이기에 binary 경계로 인해 -1포함하지 않음\n",
    "                    # 0을 빼고서는 negative power를 얻어내기 위해 *2\n",
    "                    P1[1:-2] = 2*P1[1:-2] \n",
    "                    # P1(절반)의 실제 frequecy를 나타냄\n",
    "                    f = Fs* (np.arange(0,int(L/2)+1))/L \n",
    "\n",
    "                    #가대역폭, bool형태\n",
    "                    P1_valid = P1[(f>Wn[0])&(f<=Wn[-1])] \n",
    "                    f_valid = f[(f>Wn[0])&(f<=Wn[-1])]\n",
    "                    # true count() 대체가능\n",
    "                    total = sum(P1_valid) \n",
    "\n",
    "                    for isz in range(sz):\n",
    "                        freq_ratio[i,isz] = sum(P1_valid[(f_valid>Wn[isz])&(f_valid<=Wn[isz+1])])/total*100 #relative power\n",
    "                        freq_ratio_abs[i,isz] = sum(P1_valid[(f_valid>Wn[isz])&(f_valid<=Wn[isz+1])]) #abs, 개수\n",
    "\n",
    "\n",
    "                        # subject parmeter값이 다수가 될 시 이 부분 수정필요\n",
    "                        # 각 i열,isz 3D의 all ratio 1번째 행 따라 순차적으로 freq_ratio 값 대입 \n",
    "                        all_ratio[ii,i,isz] = freq_ratio[i,isz]\n",
    "                        # warning: all ratio[:,0,0]에도 feq_ratio값 대입되므로 non 처리\n",
    "                        all_ratio[1:,:,:]=0\n",
    "                        all_ratio_abs[ii,i,isz] = freq_ratio_abs[i,isz]\n",
    "                        all_ratio_abs[1:,:,:]=0\n",
    "\n",
    "\n",
    "                        fd_final= os.path.join('./Tsplit_data/{}_data_ratio_{}.txt'.format(order_name,txt_fname2))\n",
    "                        final_save_fname = open(fd_final, 'w')\n",
    "                        final_save_fname.write(str(freq_ratio))\n",
    "                        final_save_fname.close()\n",
    "                        #save(final_save_fname+'freq_ratio','-ascii','-double','-tabs'): \n",
    "                        # freq_ratio 변수를 만들고 16자리 정밀도를 가지는, 탭으로 구분된 텍스트 형식 파일에 저장\n",
    "\n",
    "                        fin_all_ratio=all_ratio\n",
    "\n",
    "                        for a in range(0, len(Wn)-1):\n",
    "                            path='./Tsplit_data/all/'+txt_fname2+'/'+order_name+'_data'\n",
    "                            if not os.path.isdir(path):\n",
    "                                os.makedirs(os.path.join(path)) \n",
    "                            \n",
    "                            #각 subband 따라 relative data file 생성\n",
    "                            #save(all_ratio_save_name+'all_ratio2'+'-ascii'+'-double'+'-tabs')\n",
    "                            all_ratio2 = str(all_ratio[:,:,a])\n",
    "                            fd1=os.path.join(path,'all_ratio_{}.txt'.format(frequency_band[a]))\n",
    "                            all_ratio_save_name = open(fd1,'w')\n",
    "                            all_ratio_save_name.write(all_ratio2)\n",
    "                            all_ratio_save_name.close()\n",
    "\n",
    "                            #각 subband 따라 abs data file 생성\n",
    "                            #save(all_ratio_ab_save_name+'all_ratio2_abs'+'-ascii'+'-double'+'-tabs')\n",
    "                            all_ratio2_abs=str(all_ratio_abs[:,:,a])\n",
    "                            fd2=os.path.join(path,'abs_all_ratio_{}.txt'.format(frequency_band[a]))\n",
    "                            all_ratio_save_name = open(fd2,'w')\n",
    "                            all_ratio_save_name.write(all_ratio2_abs)\n",
    "                            all_ratio_save_name.close()\n",
    "\n",
    "                            fin_all_ratio_1=str(fin_all_ratio[:,:,a])\n",
    "                            fd3=os.path.join('./Tsplit_data/{}_Analysis_file_{}.txt'.format(order_name,frequency_band[a]))\n",
    "                            fin_file_name=open(fd3,'w')\n",
    "                            fin_file_name.write(fin_all_ratio_1)\n",
    "                            fin_file_name.close()\n",
    "                            #save(fin_file_name+'fin_all_ratio_1'+'-ascii'+'-double'+'-tabs')\n",
    "    \n"
   ]
  },
  {
   "cell_type": "code",
   "execution_count": 44,
   "metadata": {},
   "outputs": [
    {
     "data": {
      "text/plain": [
       "(1, 35, 5)"
      ]
     },
     "execution_count": 44,
     "metadata": {},
     "output_type": "execute_result"
    }
   ],
   "source": [
    "fin_all_ratio.shape"
   ]
  },
  {
   "cell_type": "code",
   "execution_count": 45,
   "metadata": {},
   "outputs": [
    {
     "data": {
      "text/plain": [
       "(1, 35, 5)"
      ]
     },
     "execution_count": 45,
     "metadata": {},
     "output_type": "execute_result"
    }
   ],
   "source": [
    "all_ratio.shape"
   ]
  },
  {
   "cell_type": "code",
   "execution_count": 46,
   "metadata": {},
   "outputs": [
    {
     "data": {
      "text/plain": [
       "(35, 5)"
      ]
     },
     "execution_count": 46,
     "metadata": {},
     "output_type": "execute_result"
    }
   ],
   "source": [
    "freq_ratio.shape"
   ]
  },
  {
   "cell_type": "code",
   "execution_count": null,
   "metadata": {},
   "outputs": [],
   "source": []
  }
 ],
 "metadata": {
  "kernelspec": {
   "display_name": "Python 3",
   "language": "python",
   "name": "python3"
  },
  "language_info": {
   "codemirror_mode": {
    "name": "ipython",
    "version": 3
   },
   "file_extension": ".py",
   "mimetype": "text/x-python",
   "name": "python",
   "nbconvert_exporter": "python",
   "pygments_lexer": "ipython3",
   "version": "3.7.6"
  }
 },
 "nbformat": 4,
 "nbformat_minor": 4
}
