[[[88.00828946  4.14995414  5.36134971  1.83064627  0.64976042]
  [94.75582093  1.75199817  2.31130842  0.89186296  0.28900953]
  [90.28756691  3.18612341  4.73327378  1.38713698  0.40589893]
  ...
  [97.72339277  0.89549913  0.5952202   0.55215969  0.23372822]
  [98.3338153   0.44889721  0.57882767  0.4251733   0.21328652]
  [74.18644471  9.784441    7.78535066  5.63933297  2.60443066]]

 [[67.38088955 18.53047737  7.18200022  5.3312311   1.57540176]
  [61.48016442 23.83694676  8.33339768  4.96002111  1.38947003]
  [77.55311484 13.89530782  4.27226726  3.37063461  0.90867548]
  ...
  [79.95242731  5.7189475   3.06822577  6.82567149  4.43472793]
  [86.6759384   3.7671476   2.21565244  5.03103338  2.31022818]
  [60.3426501  12.42201678 13.35704958 10.4947261   3.38355745]]

 [[56.384647   10.15049931 15.56158356 13.61125755  4.29201257]
  [58.95998767  9.53599942 14.73466233 13.13671875  3.63263183]
  [55.39963252 11.43070336 15.87136318 13.6885439   3.60975704]
  ...
  [91.59180161  2.8026015   1.91491174  2.61063226  1.08005289]
  [77.2679489   6.50376605  7.14475874  7.19461725  1.88890906]
  [58.85007935  8.25314716 17.08413459 12.33213483  3.48050407]]

 ...

 [[66.45833488 19.7258927   8.34709142  4.17033344  1.29834757]
  [50.05443242 27.6677544  13.34686182  6.7731674   2.15778396]
  [70.13871524 16.22321223  5.81368592  4.36159308  3.46279353]
  ...
  [81.26007064  4.45241662  2.79600491  4.4697711   7.02173673]
  [94.27379553  1.65420019  0.93818798  1.25334616  1.88047014]
  [56.35890219 13.68552138  8.83990623 12.52378685  8.59188335]]

 [[48.18073769 29.73631784 12.15403206  9.18957713  0.73933528]
  [50.16391991 28.62879301 11.02875971  9.49874011  0.67978725]
  [44.04120455 30.60421888 16.57380327  7.9656872   0.81508609]
  ...
  [62.85215213 19.52464656 11.49183983  4.93408025  1.19728123]
  [65.13028891 19.60437733 10.26843455  4.28923902  0.70766019]
  [52.29711366 20.33416351 13.78847396 10.74567285  2.83457601]]

 [[89.47334838  3.54421814  2.79229626  2.88534601  1.30479119]
  [85.08904991  4.57648339  3.95314123  4.26966044  2.11166503]
  [96.30635613  1.03481704  0.98375245  1.23892289  0.43615148]
  ...
  [85.6777564   4.73538264  3.03616469  4.37047214  2.18022413]
  [83.49700796  4.69460134  3.36359782  5.35317801  3.09161488]
  [55.67172052 10.18207062 11.72017404 17.88769226  4.53834256]]]