[[[88.0095466   4.15012687  5.36083769  1.8300259   0.64946295]
  [94.75594299  1.75248315  2.31103199  0.8915688   0.28897306]
  [90.28463181  3.18596014  4.73590684  1.38781381  0.4056874 ]
  ...
  [97.7208059   0.89610319  0.59634529  0.55290043  0.23384519]
  [98.33307781  0.44935998  0.57917785  0.4251676   0.21321675]
  [74.14825907  9.66381382  8.26479634  5.46150127  2.46162949]]

 [[62.2892924   8.99173051 11.83318603 10.23954198  6.64624908]
  [61.43448641  8.89354076 12.14850048 10.60080085  6.9226715 ]
  [74.43158461 10.41646295  3.62620422  7.27097959  4.25476864]
  ...
  [62.69142732  8.87490192 12.59770341  9.76252898  6.07343837]
  [69.1985186   7.09551887  7.86176397  9.58814422  6.25605435]
  [55.00409756  8.43607462  6.74477157 18.34160526 11.47345098]]

 [[52.56808826  9.40711945 10.69290868 20.06759672  7.26428689]
  [50.54397123  8.55242438  7.01454287 23.83353323 10.05552828]
  [81.75807309  4.74494158  4.23831175  6.99575996  2.26291361]
  ...
  [89.74142065  1.78059463  1.6671874   4.71083228  2.09996505]
  [55.99387076  4.08734243  3.46517469 24.29109255 12.16251957]
  [62.09017331  6.63226707  8.76195706 15.51870821  6.99689435]]

 ...

 [[71.09590627 11.69480919  7.10691008  6.74687238  3.35550207]
  [71.22740638 11.66830442  7.14090405  6.71109584  3.2522893 ]
  [55.37057461 22.10706537 11.40346314  8.1784091   2.94048778]
  ...
  [70.85112899 10.97813019  7.18869656  7.3453053   3.63673896]
  [74.02367515  8.69162217  6.21766365  6.99588716  4.07115187]
  [52.81278268 14.90232176 11.60963747 14.19634326  6.47891483]]

 [[80.2602744   6.95331704  5.71514781  4.51228771  2.55897304]
  [85.89135741  6.70107962  2.55561713  2.84465424  2.00729159]
  [68.664814    9.97580849 10.9791965   6.61640724  3.76377379]
  ...
  [78.04117676  7.35608495  4.83775237  5.63640285  4.12858307]
  [86.52831793  3.86935177  2.4863945   4.1042679   3.0116679 ]
  [69.81169064  9.72871042  5.63277268  9.19565567  5.6311706 ]]

 [[77.84135656 10.92771648  5.57878087  4.18555229  1.4665938 ]
  [75.99073199 12.67573471  5.87870921  4.11652574  1.33829834]
  [98.66270331  0.48021396  0.38335933  0.34146194  0.13226146]
  ...
  [74.12865947 11.8176614   5.86972867  5.76093652  2.42301394]
  [78.55146355 11.85403606  5.01623265  3.43942927  1.13883847]
  [44.89994341  8.34114603  9.48747489 24.10108219 13.17035347]]]