[[[91.24803912  1.95315403  5.27509255  1.17181618  0.35189813]
  [96.7837869   0.89041747  1.60415464  0.49823581  0.22340517]
  [86.14294868  3.69417854  8.09704853  1.46903004  0.5967942 ]
  ...
  [96.89003319  1.49272075  0.91616264  0.44679723  0.2542862 ]
  [96.55796841  2.03490847  0.83907828  0.37498251  0.19306233]
  [75.38076797  7.80279004  8.29144883  5.49555159  3.02944156]]

 [[73.2167876  10.31615933  4.19387862  7.09652302  5.17665142]
  [77.35305692  8.62006543  3.78296393  5.98243858  4.26147514]
  [85.87557133  7.18102743  1.80078027  3.37880505  1.76381592]
  ...
  [87.5970725   4.08107707  2.12108695  3.64840211  2.55236137]
  [73.22728214  9.93524248  4.79311934  7.35019413  4.6941619 ]
  [55.9282745   9.60475495  9.16127324 15.46486746  9.84082985]]

 [[70.17664649  6.83738302  5.25330693 12.156881    5.57578256]
  [63.49949041  6.4746185   4.82381417 16.75867278  8.44340413]
  [76.666103    6.93483789  5.07101604  8.33787473  2.99016833]
  ...
  [80.83400056  3.65813606  3.04059536  7.80138113  4.66588689]
  [69.97742188  3.60589074  2.28534344 16.03912767  8.09221627]
  [84.49359345  5.6609691   1.05227076  5.11127535  3.68189133]]

 ...

 [[68.5808756  14.92691674  8.90880767  5.9549229   1.62847709]
  [69.92982906 14.80446849  7.77250292  5.80274727  1.69045226]
  [69.41015371 15.3192406   9.6436117   4.57101477  1.05597922]
  ...
  [82.20417509  8.2703033   4.18639802  4.11718535  1.22193824]
  [86.70116262  7.00314845  2.9212176   2.58118745  0.79328387]
  [75.47404622  7.59016888  6.21552572  6.92977572  3.79048346]]

 [[65.03175669 15.33443185 11.07000562  6.6620743   1.90173155]
  [67.71870815 15.2180909   8.64873978  6.4443126   1.97014858]
  [41.64500082 30.81838973 18.36110086  7.66656998  1.50893861]
  ...
  [71.73938443 14.35626599  5.89098348  5.74828076  2.26508534]
  [75.15993933 12.89062944  4.81711341  5.10240607  2.02991174]
  [75.37947024  8.87243061  6.28681605  7.46687949  1.99440361]]

 [[94.47545158  1.73832444  1.58918677  1.53503964  0.66199757]
  [90.60805923  1.90912196  2.71899438  3.26804656  1.49577787]
  [98.39083655  0.57616237  0.42248586  0.40742358  0.20309165]
  ...
  [81.02571525  7.36137937  5.15830471  4.52838978  1.9262109 ]
  [89.35451815  4.06087313  2.11043174  2.98762774  1.48654924]
  [46.98502925  6.83080193 19.43769455 18.2187323   8.52774197]]]