[[[88.34243816  4.00425588  5.71493133  1.52753721  0.41083743]
  [94.7048887   1.24130532  3.21246952  0.64264291  0.19869355]
  [88.0059957   2.57709797  7.75110859  1.27453531  0.39126243]
  ...
  [98.20910139  0.37851281  0.90912801  0.34985774  0.15340006]
  [97.9772915   0.36860492  1.25012055  0.26898624  0.13499679]
  [68.13792645  6.91239203 17.48064656  5.69393397  1.77510098]]

 [[81.35875686 12.44091137  3.1478623   2.28896688  0.7635026 ]
  [79.24493297 13.51100715  3.69990067  2.61043841  0.93372081]
  [80.85651349 13.06508816  2.89391808  2.48546232  0.69901795]
  ...
  [93.25768968  3.30686921  0.99308198  1.67459196  0.76776718]
  [94.27435717  2.7014296   0.93337725  1.46924966  0.62158632]
  [49.17545723  8.02346537 10.62901697 30.44037236  1.73168807]]

 [[53.84701424 11.24978423 14.9018504  13.98902282  6.01232832]
  [63.37350016  8.28302986 12.78867332 11.22616534  4.32863132]
  [64.70058192 10.11544142 12.5983544   9.88647716  2.69914509]
  ...
  [94.4776242   2.45348594  1.48847161  1.27328987  0.30712838]
  [78.67439599  6.26171556  6.29428973  6.21670956  2.55288917]
  [55.0586686  10.16995854 12.03839591 15.15539837  7.57757858]]

 ...

 [[61.32058186 23.75375518  8.54142068  5.4988708   0.88537148]
  [47.60299228 30.79240786 12.35989252  7.95295322  1.29175412]
  [68.4113648  20.28562175  6.88767097  3.88844431  0.52689817]
  ...
  [80.71784307  8.5181519   5.28085975  4.23403258  1.2491127 ]
  [95.15745033  2.3395615   1.2796471   0.95367077  0.2696703 ]
  [60.83667062 14.61216529  9.54249832 10.19037804  4.81828772]]

 [[60.44446906 23.69600284  9.06540672  5.99962807  0.79449331]
  [59.79601709 24.82424732  8.40710467  6.29003572  0.6825952 ]
  [51.58494036 26.97966728 14.62637544  6.13318394  0.67583298]
  ...
  [75.68504295 13.96117557  6.06152372  3.25434021  1.03791754]
  [70.77402301 18.00939866  7.20820331  3.29277231  0.7156027 ]
  [66.38379703 16.1296907   7.5079517   7.27014236  2.70841822]]

 [[83.83973874  5.00241134  4.09975256  5.21844958  1.83964779]
  [88.11258756  3.81388897  2.71269326  3.94190348  1.41892674]
  [76.71401083  6.65223643  6.39087226  7.61981886  2.62306163]
  ...
  [76.19343508  8.19165704  5.26795444  7.49281289  2.85414054]
  [87.3532291   3.65949266  2.90225496  4.4007536   1.68426968]
  [69.41456564  7.62253105  6.83316346 12.35188302  3.77785683]]]