[[[9.39774398e+01 2.00181445e+00 2.79750592e+00 9.35139271e-01
   2.88100553e-01]
  [9.70738785e+01 1.01045872e+00 1.24200410e+00 5.17501059e-01
   1.56157672e-01]
  [9.67998225e+01 1.11268013e+00 1.48712462e+00 4.50710214e-01
   1.49662573e-01]
  ...
  [9.88403855e+01 3.16223048e-01 5.57873296e-01 2.04239041e-01
   8.12791120e-02]
  [9.83887231e+01 6.54004603e-01 6.31809767e-01 2.48165281e-01
   7.72972874e-02]
  [7.16513835e+01 7.12353727e+00 9.19066342e+00 7.83046677e+00
   4.20394905e+00]]

 [[5.29729547e+01 1.45179081e+01 4.75516808e+00 1.61162531e+01
   1.16377160e+01]
  [6.15004679e+01 1.55066952e+01 5.58434527e+00 9.72071420e+00
   7.68777748e+00]
  [5.46577849e+01 2.00149947e+01 5.52033276e+00 1.19922507e+01
   7.81463700e+00]
  ...
  [3.80301259e+01 6.22344028e+00 3.73868999e+00 2.67605203e+01
   2.52472235e+01]
  [4.53273516e+01 4.89408701e+00 3.10567049e+00 2.23254579e+01
   2.43474329e+01]
  [4.14307737e+01 1.14765375e+01 1.29341267e+01 1.96313768e+01
   1.45271853e+01]]

 [[5.93258380e+01 9.74654552e+00 1.05748458e+01 1.42162781e+01
   6.13649267e+00]
  [7.38425089e+01 5.64281237e+00 7.37496762e+00 9.15603591e+00
   3.98367523e+00]
  [9.03517452e+01 2.49218400e+00 1.69092007e+00 3.60849443e+00
   1.85665634e+00]
  ...
  [9.07928147e+01 1.79008186e+00 2.81545916e+00 3.24149206e+00
   1.36015219e+00]
  [8.35224205e+01 3.71571902e+00 4.11873060e+00 5.96243146e+00
   2.68069844e+00]
  [4.08502807e+01 9.22548475e+00 1.26493786e+01 2.49054116e+01
   1.23694443e+01]]

 ...

 [[7.90462432e+01 1.26212417e+01 3.75076846e+00 3.44710702e+00
   1.13463962e+00]
  [7.67693344e+01 1.30333536e+01 4.62885218e+00 4.20431412e+00
   1.36414568e+00]
  [8.99439146e+01 7.09124964e+00 1.34605976e+00 1.28519867e+00
   3.33577311e-01]
  ...
  [6.60670241e+01 1.62238197e+01 7.48275200e+00 7.48027269e+00
   2.74613143e+00]
  [8.85322280e+01 8.20250642e+00 1.58724809e+00 1.21965071e+00
   4.58366772e-01]
  [6.86910818e+01 8.05139620e+00 1.09657902e+01 9.17997991e+00
   3.11175189e+00]]

 [[6.36918736e+01 1.46952846e+01 8.44139505e+00 8.23760347e+00
   4.93384331e+00]
  [6.72081599e+01 1.21769665e+01 7.89222837e+00 8.09530892e+00
   4.62733634e+00]
  [5.64961748e+01 2.35754263e+01 8.32062011e+00 8.09356764e+00
   3.51421115e+00]
  ...
  [6.33500574e+01 1.12952812e+01 1.11186772e+01 9.33707024e+00
   4.89891396e+00]
  [6.81026839e+01 1.08561487e+01 7.85234549e+00 8.35203560e+00
   4.83678624e+00]
  [6.19638672e+01 1.20213372e+01 8.70515662e+00 1.27681396e+01
   4.54149932e+00]]

 [[7.52315406e+01 1.13085322e+01 4.31117587e+00 5.13604175e+00
   4.01270952e+00]
  [7.48983626e+01 1.12235040e+01 3.99634552e+00 5.30450195e+00
   4.57728598e+00]
  [8.40747859e+01 6.76985146e+00 4.42726983e+00 3.30447706e+00
   1.42361575e+00]
  ...
  [7.61381950e+01 1.02303149e+01 3.91794497e+00 5.28232614e+00
   4.43121904e+00]
  [7.57080315e+01 1.18799665e+01 4.36676189e+00 4.63468986e+00
   3.41055024e+00]
  [6.30750432e+01 9.98125453e+00 9.64990884e+00 1.35409870e+01
   3.75280641e+00]]]