[[[9.63547805e+01 7.96519293e-01 1.81721849e+00 7.04506751e-01
   3.26975008e-01]
  [9.79195274e+01 4.59879776e-01 7.53171067e-01 5.44192166e-01
   3.23229612e-01]
  [6.57706548e+01 7.43612959e+00 1.81030680e+01 5.78441736e+00
   2.90573029e+00]
  ...
  [9.56165791e+01 1.38526997e+00 8.31405065e-01 1.35085837e+00
   8.15887485e-01]
  [9.81600168e+01 4.95057623e-01 4.78451399e-01 5.24378590e-01
   3.42095584e-01]
  [8.14627011e+01 5.67838917e+00 7.73198295e+00 3.84627282e+00
   1.28065395e+00]]

 [[9.83700967e+01 1.16422089e+00 1.83369950e-01 1.80915564e-01
   1.01396871e-01]
  [9.83074304e+01 1.23745152e+00 1.95267594e-01 1.68892052e-01
   9.09584578e-02]
  [7.91554758e+01 8.93639538e+00 4.39020022e+00 4.94234861e+00
   2.57557994e+00]
  ...
  [9.66299700e+01 1.53712052e+00 5.78555575e-01 7.41076222e-01
   5.13277716e-01]
  [9.74778334e+01 1.40220226e+00 3.67993262e-01 4.94919615e-01
   2.57051510e-01]
  [6.42720980e+01 1.26847285e+01 1.00642362e+01 8.81596387e+00
   4.16297342e+00]]

 [[6.08756461e+01 1.38699053e+01 9.53393712e+00 1.19689728e+01
   3.75153862e+00]
  [6.94802284e+01 1.03142024e+01 6.67963603e+00 9.85970358e+00
   3.66622961e+00]
  [8.28274405e+01 7.05823509e+00 4.24560043e+00 4.77854763e+00
   1.09017631e+00]
  ...
  [8.93849810e+01 3.41087711e+00 1.97637053e+00 3.61707695e+00
   1.61069444e+00]
  [8.67414400e+01 2.25323959e+00 2.59955082e+00 5.68147891e+00
   2.72429066e+00]
  [7.22014866e+01 5.17435380e+00 7.51354038e+00 1.07015049e+01
   4.40911430e+00]]

 ...

 [[7.23657444e+01 1.00398659e+01 8.32203772e+00 6.42828520e+00
   2.84406682e+00]
  [6.98707470e+01 1.10523629e+01 9.08413431e+00 6.97147580e+00
   3.02127997e+00]
  [7.46283637e+01 1.24249211e+01 7.60719489e+00 4.20793699e+00
   1.13158333e+00]
  ...
  [6.33864288e+01 9.67143317e+00 1.34378949e+01 9.22485136e+00
   4.27939177e+00]
  [8.60515557e+01 5.62534245e+00 4.13939482e+00 2.96792092e+00
   1.21578614e+00]
  [7.27679132e+01 1.01396672e+01 7.45252387e+00 7.35960451e+00
   2.28029126e+00]]

 [[7.36335811e+01 9.68163793e+00 1.09301095e+01 4.44109025e+00
   1.31358126e+00]
  [6.92657340e+01 1.18808305e+01 1.09361042e+01 5.81742018e+00
   2.09991106e+00]
  [7.73136263e+01 1.16543137e+01 6.65286187e+00 3.54542397e+00
   8.33774157e-01]
  ...
  [6.95786181e+01 1.49305981e+01 9.01640550e+00 4.66694465e+00
   1.80743359e+00]
  [8.65324920e+01 7.73044038e+00 2.38873306e+00 2.22169061e+00
   1.12664397e+00]
  [4.69588891e+01 1.96259715e+01 1.29246682e+01 1.40707240e+01
   6.41974720e+00]]

 [[9.05547503e+01 2.32767029e+00 3.65800660e+00 2.41112725e+00
   1.04844553e+00]
  [8.54994690e+01 3.19664154e+00 6.05658866e+00 3.68716575e+00
   1.56013502e+00]
  [9.93183883e+01 2.76447922e-01 1.93406181e-01 1.45819039e-01
   6.59385303e-02]
  ...
  [9.60239042e+01 1.02436726e+00 1.35123895e+00 1.07616598e+00
   5.24323571e-01]
  [9.53576570e+01 1.07806711e+00 1.71762734e+00 1.23491973e+00
   6.11728854e-01]
  [5.46923430e+01 6.10629273e+00 8.41147396e+00 2.18787708e+01
   8.91111949e+00]]]