[[[77.36107477  8.51140651  8.21644859  4.14678615  1.76428398]
  [89.06252144  4.28270667  3.75696407  2.00478742  0.8930204 ]
  [90.15456983  4.67803303  3.58526148  1.1539286   0.42820706]
  ...
  [95.28791212  2.22120223  1.49425984  0.66515151  0.3314743 ]
  [96.31125705  2.55741888  0.79525099  0.22646399  0.10960909]
  [79.72006261  7.49063044  6.44125933  4.82467366  1.52337396]]

 [[57.57855927 15.72256522  5.22017257 13.1774728   8.30123014]
  [52.2629213  12.51844364  4.64642371 18.38239067 12.18982067]
  [50.83582518 20.68800241  5.61699675 14.29753318  8.56164247]
  ...
  [58.19822377  7.88416668  3.45584957 15.70797396 14.75378602]
  [47.62428591  9.19536512  5.49915977 21.89049943 15.79068978]
  [36.67312215  7.07075315 14.12702786 38.44417322  3.68492362]]

 [[54.68331313 11.58454889 12.66713736 15.66145131  5.4035493 ]
  [55.95649018 11.65434444 11.63041867 15.33798667  5.42076004]
  [59.53304774 15.06942955  9.65550059 12.32925501  3.41276711]
  ...
  [52.66466278  9.98700459 15.01280742 16.76721929  5.56830592]
  [53.37087071  8.16959909 14.1421935  17.51749896  6.79983774]
  [49.61788767 11.60276348 10.18157689 20.97610186  7.62167011]]

 ...

 [[75.63306337  8.88879163  8.61778111  5.49979784  1.36056605]
  [73.16119173  8.91947341 10.03266043  6.31295819  1.57371625]
  [85.42423518  6.7323967   4.03151441  3.0913725   0.72048121]
  ...
  [76.98691144  8.82517655  7.68934359  5.08542738  1.41314104]
  [83.83464102  6.51092047  5.24485743  3.45490485  0.95467623]
  [57.49649577 13.38771975 12.18860652 13.09324248  3.83393548]]

 [[81.98886062  7.02537166  3.29167273  5.24530666  2.44878834]
  [74.44637529  6.58241585  3.02186804 10.2554207   5.69392013]
  [68.70967886 15.30270709  7.09917889  6.69619199  2.19224317]
  ...
  [78.72942061  8.69257071  2.63237082  6.43610416  3.5095337 ]
  [81.19642817  7.14553277  2.12359159  6.16479006  3.3696574 ]
  [56.23034954 11.78002448 10.86519649 14.65534641  6.46908308]]

 [[74.32178904  7.00406689  7.83835854  7.7364346   3.09935093]
  [72.45773263  8.90696314  7.42805967  7.93960286  3.26764169]
  [98.86904554  0.38542075  0.31390161  0.29575402  0.13587808]
  ...
  [78.49495067  5.89174802  5.49987827  6.76169363  3.35172941]
  [80.47485619  6.45298182  4.79218788  5.61562741  2.66434669]
  [68.71637524  9.27405711  7.07194919 11.49463191  3.44298655]]]