[[[93.43855103  1.5833794   2.81638303  1.94273828  0.21894827]
  [97.48708391  0.61880979  1.06628126  0.69457708  0.13324796]
  [86.51244773  3.28910667  7.90761153  1.94184302  0.34899105]
  ...
  [97.86823482  0.53141068  0.98899981  0.48186171  0.12949298]
  [97.77195966  0.65649591  0.90070092  0.54013459  0.13070892]
  [81.884657    4.19647827  6.22917257  6.49686583  1.19282632]]

 [[51.13372359  8.86718533  4.16748669 22.04422738 13.78737702]
  [54.45707786  9.37721833  5.17727246 19.79146896 11.1969624 ]
  [52.05723914 15.03440359  5.05441631 17.28982051 10.56412045]
  ...
  [47.96558637  6.18293537  3.48014584 25.73191771 16.63941472]
  [49.2796565   8.19468385  8.28891369 22.09084091 12.14590505]
  [45.16129595 11.55543013 14.79824227 18.82098357  9.66404808]]

 [[55.40544022 13.14336706  7.97925071 17.62766795  5.84427406]
  [49.39549014  9.56338383  5.8375352  25.10111982 10.10247101]
  [86.96533622  5.12863141  2.44081452  4.27800634  1.18721152]
  ...
  [73.92631549  5.51452159  5.04294538 10.63926662  4.87695091]
  [47.5774282   5.66275126  3.62998052 29.77131456 13.35852547]
  [45.49550194  6.44854911  7.83318118 26.03645454 14.18631324]]

 ...

 [[55.52368007 16.77771074 13.85963397 11.41647739  2.42249781]
  [51.89732333 16.91106969 16.67352145 11.9190447   2.59904084]
  [52.43013036 23.97300548 11.30897342 10.56017328  1.72771746]
  ...
  [55.42147128 12.50035032 13.7400826  14.46034805  3.87774775]
  [74.45980015  8.29249465  7.32618345  7.6047487   2.31677306]
  [50.08418645 16.84920928 12.10020635 15.20543708  5.76096084]]

 [[87.62400178  4.17133389  2.29453462  3.68529432  2.22483539]
  [82.86310317  5.70199197  2.60114951  5.40158376  3.43217159]
  [73.32449862  9.83282522  6.83765433  6.51285667  3.49216516]
  ...
  [78.85645211  5.02151525  3.17103182  8.02688385  4.92411696]
  [87.88782297  3.03490453  1.71318252  4.39083895  2.97325103]
  [37.76399736 16.79112648 10.18368997 22.58372411 12.67746208]]

 [[70.56276835 10.18399954  6.56769294  8.20881957  4.4767196 ]
  [70.57568866 10.48753004  7.49641272  8.07524517  3.36512341]
  [71.44430942 11.76551966  7.35056366  6.42059672  3.01901054]
  ...
  [79.71963402  8.49168337  5.12097691  4.91162419  1.75608151]
  [73.59627344 10.94066794  7.03712783  6.1986562   2.22727459]
  [75.76717323  7.75183233  7.08603596  7.46141058  1.93354791]]]