[[[88.80663963  2.33196674  6.20494052  1.90418194  0.75227117]
  [95.59032341  0.96915803  2.2616171   0.80599094  0.37291052]
  [81.34094219  4.1495182  10.91095186  2.57403572  1.02455203]
  ...
  [96.35227346  0.6218381   2.03206659  0.64688108  0.34694077]
  [97.61421974  0.51896887  1.33770819  0.32485262  0.20425058]
  [74.18974139  7.33454188 10.8228349   5.51460797  2.13827386]]

 [[48.68009435 11.23707017  5.76683389 17.74251488 16.57348671]
  [46.57810492 10.59639057  4.63630205 20.61299818 17.57620429]
  [65.47914452 16.05242446  4.63119634  8.54192507  5.29530961]
  ...
  [22.38088221  4.05316444  4.53130768 33.72864297 35.30600271]
  [39.85358808  4.99311612  4.26176731 24.27116054 26.62036795]
  [59.03698216 12.84163253  8.10027801 12.19404999  7.82705731]]

 [[54.43553119 13.98315445 11.10070818 16.39604171  4.08456448]
  [52.69708239 14.8331347  11.87869857 16.70103588  3.89004846]
  [91.0805316   3.74895949  1.76150158  2.73012708  0.67888025]
  ...
  [58.5630436  14.23424159  9.01057333 14.89213434  3.30000715]
  [79.94831221  7.1085521   4.31141032  6.99688458  1.6348408 ]
  [70.07669831  7.46228716  7.82560791 12.77632343  1.85908319]]

 ...

 [[58.907969   20.06680126 10.32998274  7.64552509  3.04972192]
  [58.14221903 19.04994925 11.41344189  8.09314055  3.30124928]
  [70.57068999 14.23711363  6.39644273  6.35511921  2.44063444]
  ...
  [59.4369472  20.35439325  9.89820523  7.08673449  3.22371983]
  [66.77538845 17.64695956  7.62432022  5.53693462  2.41639716]
  [69.1802008   8.951803   10.33458988  8.49413055  3.03927578]]

 [[69.41599527 12.95612583  4.32489122  8.78923358  4.5137541 ]
  [69.30472078 11.1350764   3.41153674 10.40639688  5.7422692 ]
  [58.66374637 23.80708389  8.05439823  7.45821224  2.01655927]
  ...
  [74.73847569 10.2241718   3.0126217   8.0454589   3.9792719 ]
  [75.51721909  9.86562994  2.96923496  7.71263265  3.93528337]
  [67.28408817 10.24473954  5.75385936 11.58837057  5.12894236]]

 [[77.15994227  5.18251574  7.71576386  6.55553712  3.38624102]
  [74.88830347  7.5803931   7.05361613  6.86587219  3.6118151 ]
  [98.9625979   0.37258587  0.28568508  0.23385576  0.14527538]
  ...
  [86.12584994  2.98913829  3.38877814  4.53954928  2.95668436]
  [89.87771811  3.19171586  2.39772969  2.9155128   1.61732354]
  [71.35590309  6.61014051  6.57582905 11.41799127  4.04013607]]]