[[[71.822643    9.88006224 11.81280557  5.0043551   1.48013409]
  [72.49253766  9.20989426 12.34102699  4.37524314  1.58129795]
  [80.71261454  6.72436745  8.7577868   2.92207553  0.88315568]
  ...
  [93.91262037  2.38884837  1.96629208  1.21311332  0.51912586]
  [94.53188429  1.6375271   2.22466065  1.03915333  0.56677464]
  [75.3836073   6.49369088 10.71818347  5.24548946  2.15902889]]

 [[90.69266333  4.96584249  1.78486635  1.73314789  0.82347994]
  [91.85119843  4.52829747  1.35731593  1.52091177  0.74227641]
  [87.5954271   6.87203693  2.42071526  2.28613109  0.82568962]
  ...
  [92.08654349  1.93430805  0.564388    2.9659294   2.44883106]
  [94.19244464  1.90066425  0.54761617  1.71700152  1.64227341]
  [62.61156946 11.78037936  8.98675242 12.57895972  4.04233904]]

 [[68.79520314  7.33146323 10.99844069  9.87062841  3.00426454]
  [71.60711954  6.83683582 10.29855598  8.84865385  2.40883481]
  [65.60692395  9.91968211 11.93430489 10.42662561  2.11246344]
  ...
  [95.78809387  1.67893717  1.21350156  1.09809933  0.22136807]
  [79.29920521  6.56039306  5.75634566  6.29309663  2.09095944]
  [52.8612238   9.29639006 11.76479259 18.25684118  7.82075237]]

 ...

 [[53.83501501 30.98109611  9.71512202  4.58947491  0.87929196]
  [46.6524866  33.86829512 12.11131029  6.09837918  1.26952881]
  [68.09668615 22.80704455  6.06906248  2.64634686  0.38085996]
  ...
  [87.23328308  5.92299562  3.25715294  2.74551984  0.84104851]
  [95.52973831  2.34368109  0.99378039  0.90944077  0.22335944]
  [64.8195108  13.4850749   9.68149695  9.29181512  2.72210223]]

 [[66.16769755 22.16381411  6.47578491  4.74339122  0.44931222]
  [65.52051669 22.85086441  6.08329214  5.08865355  0.45667322]
  [59.48630835 25.56107134  9.09861769  5.20673518  0.64726744]
  ...
  [65.53754693 20.77968274  7.15781279  5.46447695  1.06048059]
  [67.98610981 19.46633072  6.84776534  4.84463762  0.85515651]
  [67.77410333 17.10023956  5.94818131  7.30913033  1.86834546]]

 [[95.47352881  1.99927422  0.70842896  1.20755077  0.61121723]
  [92.73645436  2.89090471  1.00153176  2.04836833  1.32274084]
  [98.47517955  0.65215212  0.29586533  0.41980446  0.15699854]
  ...
  [97.06532448  1.32503273  0.61634202  0.68356739  0.30973337]
  [97.63989835  1.10085458  0.49106453  0.57326088  0.19492166]
  [62.27799454  8.97198751  8.8616122  16.52427244  3.36413331]]]