[[[93.2189339   1.46931284  3.73054376  1.21846206  0.36274744]
  [96.39967623  0.83279005  1.7955338   0.7167099   0.25529002]
  [73.73062499  5.79057688 16.00746299  3.34686998  1.12446516]
  ...
  [97.79652465  0.62273229  0.82069631  0.54632394  0.21372281]
  [97.73621731  0.51269555  0.9662704   0.56647875  0.21833799]
  [76.91727447  6.44795722  8.21904426  6.11833408  2.29738997]]

 [[63.52982288 10.76254008  4.89727413 11.85071181  8.9596511 ]
  [64.89330236 10.23127251  4.38446202 12.03232926  8.45863385]
  [58.49941648 19.40219076  5.95223345 10.09827513  6.04788419]
  ...
  [37.42010692  5.19585503  3.7725452  25.75610492 27.85538793]
  [48.08610099  9.16874483  6.44471646 21.15461585 15.14582186]
  [40.02063622  9.49517799 13.94587463 20.38510536 16.1532058 ]]

 [[68.97760722  9.05308714  8.44595905 10.27390308  3.24944351]
  [65.87003209  9.95546636  8.71469008 11.45590226  4.00390921]
  [81.8526358   6.14979039  4.32831638  6.1233784   1.54587904]
  ...
  [70.00667255  6.46445532 10.03146174 10.59233844  2.90507196]
  [78.99908973  4.53553782  4.52544083  8.49005789  3.44987373]
  [57.20694287  9.28838482  7.92019812 17.60358443  7.98088976]]

 ...

 [[70.22286921 11.40300852 11.36572868  5.80721019  1.2011834 ]
  [68.58003089 11.08343187 12.96187131  6.18261456  1.19205138]
  [65.94992827 14.29362242 10.92625354  7.42061505  1.40958071]
  ...
  [71.81117377 11.01429914 10.44861474  5.49780933  1.22810301]
  [73.0644654  10.54859922 10.03487173  5.1988143   1.15324935]
  [66.44856307 12.00373459  9.82598014  9.31851316  2.40320904]]

 [[62.39756245 15.32354913  6.15928031 11.06793431  5.0516738 ]
  [51.21090893 11.66178103  4.34737892 21.49468811 11.28524301]
  [51.32619506 24.95873804 11.10386406  9.55297279  3.05823005]
  ...
  [53.52962434 17.60128054  4.60140324 15.48877523  8.77891665]
  [64.14009069 12.28104316  3.20211443 13.18224803  7.19450369]
  [45.61771499 10.31218438  8.26092831 22.71969827 13.08947405]]

 [[80.32445463  7.02222786  4.87111582  4.91666315  2.86553855]
  [80.56519318  8.37762848  4.48366461  4.27189237  2.30162135]
  [96.27776128  1.38574523  0.96347207  0.90838484  0.46463658]
  ...
  [81.11807787  5.9071472   5.12875526  4.92690219  2.91911747]
  [82.81155122  7.34979797  4.29812233  3.62316964  1.91735883]
  [49.5670134   8.8394146   9.02815982 25.35525216  7.21016002]]]