[[[85.54047885  4.27887307  6.1912301   2.84026337  1.14915462]
  [89.60182199  3.40675242  4.37398738  1.97765791  0.6397803 ]
  [94.18095036  1.84047814  2.54503624  1.03406061  0.39947465]
  ...
  [92.06702104  2.6064522   3.28709194  1.42814961  0.6112852 ]
  [92.31330981  2.80995891  2.93286289  1.36067335  0.58319504]
  [81.32398894  5.52549954  6.0319829   4.97770696  2.14082167]]

 [[68.30478523  8.81746978 11.93780497  6.5587795   4.38116052]
  [67.96313883  8.70062481 12.63841345  6.59180771  4.10601521]
  [59.9261814  19.37110534  6.98435848  8.66050088  5.0578539 ]
  ...
  [55.89334183  6.19444232  6.63514133 13.53248323 17.74459128]
  [58.99622648  5.05276097  5.54668622 11.46188694 18.94243939]
  [46.70004529 10.66307819 10.50687666 17.33646573 14.79353413]]

 [[52.45540464 14.58695536 10.8371006  17.8019426   4.3185968 ]
  [56.31581221 13.44310179  8.78392859 16.67127182  4.78588559]
  [92.59078247  2.65304767  1.61065346  2.5930127   0.5525037 ]
  ...
  [60.28633413 10.64821382  9.42950218 15.98379149  3.65215838]
  [66.27195698  6.83246437  5.85047956 14.84493738  6.20016171]
  [60.71173723  9.08394442  8.55652462 15.57195793  6.0758358 ]]

 ...

 [[51.45385093 13.37600406 22.17978316 10.83513867  2.15522318]
  [51.62826173 13.31504737 21.98441671 10.8729297   2.19934449]
  [54.46227994 18.27273701 14.31154873 11.07293464  1.88049968]
  ...
  [55.6826379  12.71188014 20.20159685  9.32244982  2.08143529]
  [64.7770959  10.41153481 15.49074111  7.58666151  1.73396666]
  [57.77572809 13.04620973 13.6832838  12.68007393  2.81470445]]

 [[64.74269422 16.93174211  6.107901    9.15006511  3.06759758]
  [61.17248845 14.26841134  4.56163933 14.51970989  5.47775099]
  [54.13951689 24.95527976 11.6473873   7.55006845  1.70774761]
  ...
  [62.10276643 14.03711998  4.90583383 13.30690672  5.64737304]
  [72.80890524 11.81081754  3.17395413  8.69049767  3.51582542]
  [48.21471507 15.71769135  9.15216199 17.91590195  8.99952964]]

 [[76.42361621  7.70510157  6.10017007  7.14188725  2.62922491]
  [76.52988389  7.09410147  6.39250739  7.26311515  2.7203921 ]
  [94.56410731  2.38874597  1.24381545  1.16521206  0.63811921]
  ...
  [92.66042415  2.74194766  1.78367977  1.8832122   0.93073621]
  [75.29801425  7.36424075  6.47837832  7.38009332  3.47927335]
  [66.49541291  8.93437431  9.35673665 11.62672499  3.58675114]]]