[[[9.23064839e+01 1.84434959e+00 4.42294449e+00 1.14877267e+00
   2.77449368e-01]
  [9.54813255e+01 1.19153857e+00 2.28382600e+00 7.69961508e-01
   2.73348416e-01]
  [6.25919036e+01 8.15585649e+00 2.37299461e+01 4.31587670e+00
   1.20641710e+00]
  ...
  [9.71664118e+01 1.02305958e+00 9.47765047e-01 6.28559496e-01
   2.34204060e-01]
  [9.71172360e+01 7.84840195e-01 1.12304852e+00 6.90268362e-01
   2.84606907e-01]
  [7.41481985e+01 8.78927362e+00 9.20810162e+00 6.19164803e+00
   1.66277824e+00]]

 [[6.89022521e+01 8.79860468e+00 3.59659229e+00 1.05001533e+01
   8.20239757e+00]
  [6.71734996e+01 8.70225615e+00 3.52976551e+00 1.19223059e+01
   8.67217284e+00]
  [5.82269922e+01 1.66646791e+01 5.40180460e+00 1.17643852e+01
   7.94213891e+00]
  ...
  [5.49463826e+01 3.39589590e+00 2.76715246e+00 1.92727154e+01
   1.96178536e+01]
  [4.85913068e+01 6.54785891e+00 5.50391580e+00 2.30847586e+01
   1.62721599e+01]
  [3.95894211e+01 8.00836346e+00 1.41477388e+01 2.17049559e+01
   1.65495207e+01]]

 [[6.64827834e+01 1.01182680e+01 9.13670341e+00 1.08196416e+01
   3.44260354e+00]
  [7.03926457e+01 8.78274175e+00 7.48334128e+00 1.00079530e+01
   3.33331825e+00]
  [8.71140213e+01 4.81991873e+00 2.95189299e+00 4.12444601e+00
   9.89720989e-01]
  ...
  [7.37716010e+01 6.01958425e+00 8.62495088e+00 8.87165274e+00
   2.71221114e+00]
  [7.53491922e+01 5.09731600e+00 5.36228403e+00 9.81644517e+00
   4.37476261e+00]
  [7.04617798e+01 5.43652299e+00 5.35101795e+00 1.27388601e+01
   6.01181915e+00]]

 ...

 [[7.09760798e+01 9.70165970e+00 1.13907517e+01 6.01640444e+00
   1.91510432e+00]
  [6.96006693e+01 9.38715997e+00 1.25490101e+01 6.48045230e+00
   1.98270829e+00]
  [6.84341132e+01 1.22128549e+01 1.03186196e+01 6.68464272e+00
   2.34976958e+00]
  ...
  [7.59285011e+01 8.53038882e+00 8.84725878e+00 5.01770408e+00
   1.67614719e+00]
  [7.50885863e+01 8.31878781e+00 9.24183376e+00 5.49267937e+00
   1.85811276e+00]
  [6.89699795e+01 1.06882926e+01 7.57704583e+00 9.39119302e+00
   3.37348899e+00]]

 [[6.29038107e+01 1.23964486e+01 6.63367230e+00 1.25204085e+01
   5.54565996e+00]
  [5.12602381e+01 9.27755058e+00 4.62064088e+00 2.32032004e+01
   1.16383700e+01]
  [4.96851318e+01 2.21117367e+01 1.29849305e+01 1.13148344e+01
   3.90336659e+00]
  ...
  [5.64501586e+01 1.17391512e+01 4.70982100e+00 1.77086773e+01
   9.39219191e+00]
  [6.35369536e+01 1.04830102e+01 3.46708096e+00 1.50472671e+01
   7.46568822e+00]
  [4.25665001e+01 8.67108120e+00 8.88433266e+00 2.42657483e+01
   1.56123377e+01]]

 [[8.19948222e+01 5.18024044e+00 5.09193918e+00 4.86899972e+00
   2.86399847e+00]
  [8.04251731e+01 7.22206039e+00 5.27145063e+00 4.47581745e+00
   2.60549842e+00]
  [9.96630118e+01 1.29943736e-01 9.62663365e-02 7.68295021e-02
   3.39486380e-02]
  ...
  [8.81136480e+01 2.93932210e+00 3.86791582e+00 3.17123079e+00
   1.90788331e+00]
  [9.27946375e+01 2.58166366e+00 2.16542914e+00 1.58546749e+00
   8.72802174e-01]
  [5.93252523e+01 7.22377926e+00 8.68213951e+00 1.98589276e+01
   4.90990135e+00]]]