[[[7.76552047e+01 8.89525867e+00 7.75124841e+00 4.02156659e+00
   1.67672164e+00]
  [8.12476776e+01 7.48364381e+00 6.13183323e+00 3.75668150e+00
   1.38016384e+00]
  [8.67627834e+01 5.30927200e+00 4.78816074e+00 2.35174089e+00
   7.88042947e-01]
  ...
  [9.47907047e+01 1.51830115e+00 1.02346318e+00 1.80200994e+00
   8.65521073e-01]
  [9.67660058e+01 8.42819059e-01 7.65829609e-01 9.82515458e-01
   6.42830114e-01]
  [7.42616083e+01 9.69700918e+00 6.88792374e+00 6.07097276e+00
   3.08248598e+00]]

 [[6.78968914e+01 1.12168641e+01 7.71183600e+00 8.47772243e+00
   4.69668610e+00]
  [6.52047530e+01 1.21422877e+01 8.21479304e+00 9.24262156e+00
   5.19554471e+00]
  [8.28277900e+01 8.70302515e+00 2.51633931e+00 3.91591176e+00
   2.03693375e+00]
  ...
  [6.81743710e+01 1.01644266e+01 8.50602921e+00 8.40897220e+00
   4.74620096e+00]
  [8.18694946e+01 6.09247819e+00 4.02793125e+00 5.13632069e+00
   2.87377532e+00]
  [6.08116841e+01 1.09725103e+01 7.53124045e+00 1.33415651e+01
   7.34300005e+00]]

 [[4.87529217e+01 9.83129012e+00 8.78909381e+00 2.25725884e+01
   1.00541060e+01]
  [3.52701746e+01 8.88228035e+00 6.25915769e+00 3.23930362e+01
   1.71953512e+01]
  [6.04214514e+01 1.19777822e+01 7.65029525e+00 1.49533397e+01
   4.99713134e+00]
  ...
  [5.28291415e+01 7.43053132e+00 7.14491398e+00 2.03525228e+01
   1.22428904e+01]
  [3.01009518e+01 4.62169780e+00 3.37249138e+00 3.85241212e+01
   2.33807378e+01]
  [5.26254186e+01 7.58149447e+00 1.22125181e+01 1.92682067e+01
   8.31236216e+00]]

 ...

 [[6.51509113e+01 1.47017764e+01 9.30614682e+00 8.11128021e+00
   2.72988521e+00]
  [6.57169484e+01 1.48604696e+01 9.02355235e+00 7.83185220e+00
   2.56717745e+00]
  [5.54405567e+01 1.76401925e+01 1.52111024e+01 9.20725084e+00
   2.50089761e+00]
  ...
  [6.65551123e+01 1.47979531e+01 8.25569593e+00 7.81535093e+00
   2.57588771e+00]
  [7.00780853e+01 1.11881987e+01 7.69261123e+00 8.24348267e+00
   2.79762204e+00]
  [5.91134450e+01 1.20763835e+01 1.12515335e+01 1.28289788e+01
   4.72965917e+00]]

 [[7.25894226e+01 7.90582093e+00 6.80029303e+00 7.82705718e+00
   4.87740631e+00]
  [6.58654311e+01 7.96892417e+00 5.95251058e+00 1.14857797e+01
   8.72735444e+00]
  [6.60268502e+01 9.99396760e+00 1.00809500e+01 8.54956324e+00
   5.34866895e+00]
  ...
  [6.64582601e+01 1.10525553e+01 5.34960812e+00 9.73607144e+00
   7.40350509e+00]
  [7.82313514e+01 6.26880947e+00 2.59917068e+00 7.22782677e+00
   5.67284167e+00]
  [5.95808742e+01 1.11829782e+01 5.80180284e+00 1.39768869e+01
   9.45745786e+00]]

 [[8.07420884e+01 8.75402427e+00 5.66849283e+00 3.68892695e+00
   1.14646760e+00]
  [7.58603965e+01 1.20954554e+01 6.43487139e+00 4.34460485e+00
   1.26467191e+00]
  [9.91823162e+01 2.57808140e-01 2.74848367e-01 2.05029502e-01
   7.99977421e-02]
  ...
  [7.99751094e+01 8.38712316e+00 5.04307443e+00 4.77524856e+00
   1.81944449e+00]
  [7.98874521e+01 1.03895892e+01 5.06544645e+00 3.61243262e+00
   1.04507967e+00]
  [6.58898725e+01 4.12126748e+00 6.99685567e+00 1.43929248e+01
   8.59907954e+00]]]