[[[9.52452621e+01 1.61991168e+00 2.23724817e+00 7.04760401e-01
   1.92817624e-01]
  [9.79922398e+01 7.31135223e-01 8.05887804e-01 3.60061024e-01
   1.10676192e-01]
  [9.54645440e+01 1.63891254e+00 2.14405265e+00 5.80807132e-01
   1.71683696e-01]
  ...
  [9.85475963e+01 5.54587432e-01 5.36834902e-01 2.68262836e-01
   9.27185542e-02]
  [9.85534945e+01 6.16167531e-01 4.80172427e-01 2.70365953e-01
   7.97995794e-02]
  [7.63677953e+01 5.71004337e+00 8.70819763e+00 6.39114234e+00
   2.82282137e+00]]

 [[5.44030340e+01 1.65077128e+01 5.03176894e+00 1.40368759e+01
   1.00206084e+01]
  [5.82838435e+01 1.85648964e+01 5.66377548e+00 9.40099536e+00
   8.08648924e+00]
  [5.30459258e+01 2.17923484e+01 5.96808345e+00 1.09367164e+01
   8.25692605e+00]
  ...
  [3.44004370e+01 5.93151320e+00 4.49974046e+00 2.53315889e+01
   2.98367204e+01]
  [3.16942461e+01 5.70416124e+00 4.48777267e+00 2.22717571e+01
   3.58420628e+01]
  [4.90930256e+01 1.13859822e+01 1.19686215e+01 1.58755602e+01
   1.16768106e+01]]

 [[7.07730120e+01 7.55188362e+00 6.98178296e+00 1.03936479e+01
   4.29967349e+00]
  [6.39078756e+01 7.76805788e+00 9.80333357e+00 1.32443652e+01
   5.27636780e+00]
  [8.80950940e+01 3.40318913e+00 1.98900719e+00 4.29952683e+00
   2.21318282e+00]
  ...
  [9.42010552e+01 1.30177286e+00 1.63215120e+00 2.05227819e+00
   8.12742526e-01]
  [8.69719663e+01 3.61792331e+00 2.49755156e+00 4.71799943e+00
   2.19455944e+00]
  [7.16410270e+01 4.47914629e+00 6.36620249e+00 1.19568914e+01
   5.55673290e+00]]

 ...

 [[8.32977596e+01 9.78127225e+00 3.39135698e+00 2.65555083e+00
   8.74060374e-01]
  [8.12179848e+01 1.04000140e+01 4.12052442e+00 3.20313685e+00
   1.05833991e+00]
  [9.19611531e+01 5.33666019e+00 1.22067167e+00 1.19638983e+00
   2.85125204e-01]
  ...
  [7.45939289e+01 1.21386614e+01 6.07087063e+00 5.20454606e+00
   1.99199298e+00]
  [9.14602180e+01 6.06301218e+00 1.27158380e+00 8.72141867e-01
   3.33044191e-01]
  [6.66861663e+01 8.63074611e+00 1.17050557e+01 9.36401339e+00
   3.61401852e+00]]

 [[8.69566651e+01 6.04549968e+00 2.11890555e+00 2.96125250e+00
   1.91767717e+00]
  [8.95902821e+01 6.29977864e+00 1.31737656e+00 1.63511610e+00
   1.15744663e+00]
  [5.99107488e+01 2.20828054e+01 6.93256317e+00 7.83013794e+00
   3.24374470e+00]
  ...
  [6.77660876e+01 9.30426588e+00 8.09940588e+00 9.25314181e+00
   5.57709883e+00]
  [6.89537255e+01 1.00308063e+01 5.83632424e+00 9.09884054e+00
   6.08030342e+00]
  [5.97238663e+01 1.29719990e+01 9.40293950e+00 1.31630159e+01
   4.73817935e+00]]

 [[7.35947729e+01 1.28802625e+01 4.67389475e+00 4.98885777e+00
   3.86221208e+00]
  [7.34162266e+01 1.25870520e+01 4.40586002e+00 5.20715390e+00
   4.38370752e+00]
  [7.12456490e+01 1.15354520e+01 8.57213930e+00 6.24144916e+00
   2.40531060e+00]
  ...
  [7.38850731e+01 1.16094679e+01 4.32192567e+00 5.60077670e+00
   4.58275665e+00]
  [7.46493602e+01 1.28319519e+01 4.59345282e+00 4.58564537e+00
   3.33958969e+00]
  [6.24360230e+01 9.05675299e+00 1.17914664e+01 1.29612644e+01
   3.75449322e+00]]]