[[[92.92716731  2.01926902  3.91057812  0.86136216  0.28162338]
  [95.08432544  1.32901121  2.74208729  0.61143409  0.23314197]
  [84.17970487  3.36983708 10.24785228  1.69069007  0.51191571]
  ...
  [97.49251845  0.75631385  1.08901079  0.46014127  0.20201565]
  [97.29831104  0.58231814  1.52060479  0.40131947  0.19744657]
  [67.67368882  6.26566084 18.36297791  5.85404537  1.84362705]]

 [[92.09157629  5.23023761  1.17790832  1.0345853   0.46569247]
  [92.44711859  4.82996337  1.07672063  1.11704512  0.52915229]
  [95.01134282  3.16008892  0.84598533  0.7268138   0.25576912]
  ...
  [96.84076261  2.08339304  0.3343959   0.47196482  0.26948362]
  [95.92063225  2.22433931  0.51821629  0.85531262  0.48149952]
  [53.63625008  5.89025883 10.57869464 28.45774781  1.43704864]]

 [[57.37296988  9.2511161  15.64108133 13.02725681  4.70757589]
  [63.97747114  8.584831   13.61579358 10.64923423  3.17267005]
  [74.74966394  6.60749363  9.43170551  7.50000145  1.71113547]
  ...
  [95.31832386  1.89383643  1.30781718  1.14579965  0.33422287]
  [89.31837547  2.98330297  2.98218592  3.31516196  1.40097367]
  [62.72342914  6.47604914  8.47689231 14.72191007  7.60171934]]

 ...

 [[76.999925    8.64196046  7.58739274  5.16564566  1.60507614]
  [69.22637268 11.93575223 10.03874648  6.58740113  2.21172748]
  [56.63451173  8.19993467  7.399536   20.03102277  7.73499483]
  ...
  [76.57361773  5.00545013  2.69588462 10.85609927  4.86894826]
  [84.57353414  1.52561537  1.17123497  9.90110445  2.82851108]
  [37.66019818  2.59767986  4.38237945 28.31330194 27.04644058]]

 [[69.11820201 17.47459994  7.26591795  5.51324893  0.62803118]
  [68.85039135 18.18453268  6.90694757  5.51015702  0.54797138]
  [52.74504683 23.32715475 15.63558278  7.42511877  0.86709687]
  ...
  [81.01370845 10.26307416  5.60087984  2.24937015  0.87296739]
  [81.89799531 10.0861155   5.33286769  2.08788997  0.59513153]
  [71.24721892 12.33974129  7.57475289  6.34346682  2.49482007]]

 [[88.48028582  4.28307321  2.61055534  3.42955677  1.19652887]
  [89.87546418  3.92702599  1.96848149  3.07603712  1.15299121]
  [83.81505574  5.50916332  3.73316197  5.13428975  1.80832922]
  ...
  [84.38549079  5.96033992  3.12842342  4.50968996  2.01605591]
  [89.84403264  3.45727656  2.11321322  3.31376139  1.27171619]
  [70.66892706  8.32460458  6.36791955 11.3446568   3.29389202]]]