[[[89.20527504  3.07614325  5.48059122  1.73161143  0.50637907]
  [94.11311716  1.83586692  2.65865184  1.01904659  0.37331749]
  [84.50535402  4.37306984  8.56883932  1.94230148  0.61043535]
  ...
  [96.96192196  0.98401022  1.20188913  0.59424019  0.25793851]
  [96.88507395  1.09579408  1.21745585  0.55066372  0.25101239]
  [77.96587918  5.95355859  9.82332672  4.62287327  1.63436225]]

 [[54.8314984  11.90573149  5.15071998 14.54489244 13.56715769]
  [51.59214947 10.22134242  4.9727899  17.69424311 15.51947511]
  [69.56179806 15.26693104  3.83457855  7.05862474  4.27806761]
  ...
  [26.90022934  4.87511845  4.50952351 30.91872691 32.79640179]
  [53.01434955  3.97215397  3.84646034 18.67085188 20.49618426]
  [60.82383956 13.20579686  7.96625361 10.96521837  7.0388916 ]]

 [[51.24538818 14.59904479 11.85354323 18.05198969  4.2500341 ]
  [51.03067866 14.52540275 12.26038212 18.1930728   3.99046367]
  [78.99584287  8.03969177  4.09032963  7.04783585  1.82629988]
  ...
  [70.87412859  8.42832015  6.98627952 11.25824452  2.45302723]
  [69.78988986  9.68369021  6.88243752 11.01444841  2.62953401]
  [42.22595674 13.84367132 16.41851604 24.22597057  3.28588534]]

 ...

 [[62.87462729 17.44322575 10.8453167   6.69185066  2.1449796 ]
  [61.44611937 16.90983128 12.26824525  7.12856829  2.24723581]
  [71.15438581 14.44947792  7.36017478  5.51703052  1.51893098]
  ...
  [64.61171014 17.27204533  9.96868037  6.03885045  2.1087137 ]
  [68.91402032 15.73873951  8.50069728  5.04650366  1.80003923]
  [59.8197965  13.45115931 14.21640076  9.53553786  2.97710557]]

 [[75.89469667  9.43840666  4.12216562  7.25849985  3.2862312 ]
  [74.72386304  8.66715877  3.40533512  8.85937977  4.3442633 ]
  [58.88848268 20.9994412  10.41118202  7.75016083  1.95073328]
  ...
  [76.30323097  9.02490413  3.33253633  7.76485843  3.57447014]
  [78.83737328  8.04840178  2.76355855  6.98439273  3.36627366]
  [70.20288108  8.28167747  6.48243822 10.50265453  4.5303487 ]]

 [[80.64838204  4.74749491  6.72553257  5.73507375  2.14351673]
  [79.96500467  5.35153042  6.60877737  5.79591687  2.27877067]
  [96.27985305  1.77397898  0.86581587  0.78772419  0.2926279 ]
  ...
  [82.40480547  4.44744488  5.29100418  5.42604972  2.43069575]
  [91.45565305  2.85380745  2.3904055   2.28693363  1.01320037]
  [68.2629812   6.88292209  7.02349843 13.11230646  4.71829182]]]