[[[8.11189220e+01 9.20605743e+00 5.97291871e+00 2.81366241e+00
   8.88439457e-01]
  [8.04923797e+01 9.75363146e+00 5.70807844e+00 3.11558830e+00
   9.30322117e-01]
  [8.54691796e+01 6.84008863e+00 4.89342843e+00 2.18884993e+00
   6.08453386e-01]
  ...
  [9.73620089e+01 1.03956249e+00 7.28688909e-01 6.18490124e-01
   2.51249554e-01]
  [9.72525433e+01 1.04592868e+00 8.13635221e-01 6.08764761e-01
   2.79128075e-01]
  [7.92699547e+01 6.91942513e+00 7.63339877e+00 4.43451426e+00
   1.74270710e+00]]

 [[8.54118227e+01 9.01323992e+00 2.53825150e+00 2.12650126e+00
   9.10184610e-01]
  [8.45041878e+01 9.79722267e+00 2.63610401e+00 2.11519212e+00
   9.47293443e-01]
  [7.38586867e+01 1.61987675e+01 4.55388946e+00 4.09443348e+00
   1.29422293e+00]
  ...
  [8.22427185e+01 2.25165021e+00 1.30835979e+00 8.77251974e+00
   5.42475177e+00]
  [8.65103114e+01 2.69574494e+00 1.02003148e+00 5.39259224e+00
   4.38131993e+00]
  [6.02359301e+01 1.20738725e+01 1.02218638e+01 1.37529455e+01
   3.71538823e+00]]

 [[5.83821270e+01 9.15305483e+00 1.61506483e+01 1.22689310e+01
   4.04523884e+00]
  [5.78952731e+01 9.41603242e+00 1.76220644e+01 1.17705516e+01
   3.29607844e+00]
  [5.70477178e+01 1.13875511e+01 1.71817022e+01 1.19352779e+01
   2.44775094e+00]
  ...
  [9.22287110e+01 3.02179308e+00 2.34125971e+00 1.90748174e+00
   5.00754521e-01]
  [7.77140512e+01 6.45320361e+00 6.49185399e+00 6.94185646e+00
   2.39903478e+00]
  [5.03422891e+01 9.01898925e+00 1.28362639e+01 1.99571699e+01
   7.84528781e+00]]

 ...

 [[5.76040797e+01 2.75699937e+01 8.01368932e+00 5.81258068e+00
   9.99656617e-01]
  [5.13809244e+01 3.03712142e+01 9.86513295e+00 7.10016752e+00
   1.28256088e+00]
  [6.68475567e+01 2.22263240e+01 6.21484261e+00 4.19583668e+00
   5.15440058e-01]
  ...
  [8.42955217e+01 6.65555564e+00 3.77276665e+00 4.04189157e+00
   1.23426439e+00]
  [9.53201638e+01 2.10993371e+00 1.19348330e+00 1.10299912e+00
   2.73420105e-01]
  [6.36282382e+01 1.38746269e+01 9.40650073e+00 1.01133402e+01
   2.97729400e+00]]

 [[6.61846113e+01 2.10736074e+01 6.49797069e+00 5.79898909e+00
   4.44821489e-01]
  [6.63123413e+01 2.11280690e+01 6.05551038e+00 6.05203273e+00
   4.52046602e-01]
  [5.75553706e+01 2.47961014e+01 1.03289104e+01 6.59294966e+00
   7.26667863e-01]
  ...
  [7.66333646e+01 1.31296386e+01 5.38432102e+00 4.01301758e+00
   8.39658167e-01]
  [7.37164760e+01 1.56701870e+01 5.72167296e+00 4.13668891e+00
   7.54975047e-01]
  [6.88807072e+01 1.54969511e+01 6.26242209e+00 7.13381072e+00
   2.22610887e+00]]

 [[9.61319191e+01 1.87876986e+00 6.74387315e-01 9.40382086e-01
   3.74541638e-01]
  [9.50937694e+01 2.03217215e+00 7.52970894e-01 1.39229317e+00
   7.28794373e-01]
  [9.92912403e+01 3.20222915e-01 1.36045228e-01 1.83983028e-01
   6.85084822e-02]
  ...
  [9.96235769e+01 1.69670764e-01 7.96849553e-02 8.86563319e-02
   3.84110032e-02]
  [9.93242979e+01 2.62124522e-01 1.55918097e-01 1.91837845e-01
   6.58216378e-02]
  [7.08724184e+01 6.54411187e+00 6.19486044e+00 1.30339447e+01
   3.35466462e+00]]]