[[[80.96281694  3.81622222  9.26508893  5.45567875  0.50019316]
  [90.23432975  2.13049136  4.52358795  2.58031844  0.53127251]
  [68.57661454  7.37302886 18.8847712   4.40151815  0.76406725]
  ...
  [94.29960579  1.42812711  2.54983788  1.35188375  0.37054546]
  [91.2022109   2.18143887  3.59346762  2.48009611  0.5427865 ]
  [75.68790846  6.0156466   8.57444749  8.18420033  1.53779713]]

 [[53.59149289  7.45709234  3.3910669  22.3238486  13.23649927]
  [55.983291    7.97909908  4.32724734 20.56714751 11.14321507]
  [47.35218798 13.93277975  4.09310131 21.38508798 13.23684297]
  ...
  [54.34446171  4.97170727  2.5818495  23.74741952 14.35456199]
  [49.22691643  7.18136489  7.01271345 24.21680227 12.36220295]
  [44.75878481 11.94256819 13.46793764 19.12932551 10.70138385]]

 [[63.74731447  8.17651412  7.78390242 15.55507641  4.73719258]
  [56.62449589  6.58521589  5.44219435 22.10937083  9.23872305]
  [89.50606895  3.33936348  2.39430103  3.6882794   1.07198715]
  ...
  [80.32375618  3.513841    4.11602938  8.43203146  3.61434198]
  [58.76896262  3.7842248   2.91597289 23.57213796 10.95870173]
  [53.08239046  5.61580496  8.23869961 21.51920983 11.54389513]]

 ...

 [[53.7081339  18.55750735 14.6446504  10.33764257  2.75206578]
  [49.74891103 19.73697811 16.86655008 10.75361667  2.89394411]
  [53.49405375 25.87980645  9.66626157  9.17973938  1.78013885]
  ...
  [51.24461786 13.36182007 15.42962115 15.23952586  4.72441505]
  [71.72772653  8.15926306  8.78813294  8.4317104   2.89316707]
  [50.44219935 17.29828199 12.16625556 14.72292003  5.37034307]]

 [[76.08152804  6.80046124  3.6365202   7.73734072  5.74414979]
  [78.25030515  6.26416258  2.40313107  7.34670798  5.73569322]
  [62.76854428 13.91547276  7.95613732  9.75075787  5.60908777]
  ...
  [70.76148991  6.21649818  3.00195626 11.53678744  8.4832682 ]
  [78.54342239  4.28496859  2.01727242  8.45031104  6.70402557]
  [51.88858275 10.6865345   7.25441005 17.98164143 12.18883127]]

 [[74.39863604  8.63365977  5.7885338   6.96743297  4.21173742]
  [75.56886069  9.25363573  6.50096939  6.23687993  2.43965425]
  [76.19390655  9.99897322  5.6815143   5.67037687  2.45522906]
  ...
  [83.52596859  6.311262    4.66979742  3.900337    1.59263498]
  [75.34983307  9.1500488   7.03788173  6.13567717  2.32655923]
  [74.41827819  9.35039468  7.13198224  7.1697035   1.92964138]]]