[[[88.16499135  3.29839184  5.01165106  2.3958851   1.12908065]
  [93.87707464  1.96394781  2.45119928  1.27413301  0.43364525]
  [94.85122773  1.58421878  2.20864648  0.96202548  0.39388154]
  ...
  [92.44359174  2.418355    2.93675179  1.53387956  0.6674219 ]
  [94.82933663  1.72171751  1.94494913  1.01297477  0.49102195]
  [77.56154189  7.19939287  7.33791284  5.57065052  2.33050187]]

 [[66.52696214  7.65074616 12.69303322  7.96032892  5.16892956]
  [67.65400546  7.41877582 12.85810449  7.31531875  4.75379547]
  [61.46689085 15.90923624  7.19442712  9.5641042   5.8653416 ]
  ...
  [50.98897641  5.59120912  6.71069214 15.80839426 20.90072806]
  [53.23226853  4.74556783  6.23326998 14.60069964 21.18819402]
  [48.73776112 10.37052725  9.98196403 16.55184204 14.35790556]]

 [[57.55146158 13.40025088  9.5147027  15.35130558  4.18227926]
  [63.44312018 11.13858749  7.00664516 13.83476688  4.57688029]
  [94.5457053   1.82134012  1.2919365   1.86409016  0.47692792]
  ...
  [75.92181243  6.86544078  5.60128612  9.21530198  2.39615869]
  [79.36447739  3.51691301  3.33087889  9.62451215  4.16321856]
  [57.22089384  8.99076632 10.47822153 16.69130803  6.61881027]]

 ...

 [[47.18434565 13.15706958 22.65183473 12.64796453  4.35878551]
  [47.72769037 13.34261715 22.11992418 12.72553679  4.0842315 ]
  [51.13313405 20.48282509 15.18961744 10.82089123  2.37353219]
  ...
  [52.16758376 12.25093463 20.41537926 11.03734491  4.12875745]
  [61.20258916 11.00160199 15.65096813  9.00021268  3.14462803]
  [55.62840892 12.2073732  14.1251277  13.36576367  4.67332652]]

 [[51.68074926 21.96740648 10.3566684  12.01528443  3.97989143]
  [51.57433322 17.52053351  6.50916683 17.59932193  6.79664452]
  [40.43564721 29.80020371 18.48062542  9.21713329  2.06639036]
  ...
  [56.89103874 16.43546234  4.86391433 15.28583363  6.52375097]
  [66.61978313 14.31206149  3.71787521 10.87228492  4.47799525]
  [45.13509287 13.97366377 11.05932159 20.87392635  8.95799541]]

 [[73.89169971 12.77792284  6.83117117  4.93807654  1.56112974]
  [76.40166542  8.42656707  7.11371395  5.97587382  2.08217974]
  [97.79944086  0.85688142  0.7117303   0.48915897  0.14278845]
  ...
  [74.11356905 13.81394889  5.99270627  4.3335326   1.74624319]
  [82.84931569  5.86740721  4.60509359  4.80226411  1.8759194 ]
  [65.0309512  10.04555913 12.98787308  9.63900063  2.29661596]]]