[[[90.70451409  3.02082249  3.9640262   1.68380929  0.62682793]
  [93.34006292  2.2797973   2.7832861   1.15692843  0.43992526]
  [92.74428692  2.50664761  3.40196181  1.00748286  0.3396208 ]
  ...
  [97.55763602  0.69004301  1.04896458  0.47940361  0.22395278]
  [97.82422861  0.87948863  0.84313615  0.30701568  0.14613093]
  [80.76438714  6.589586    7.37314987  4.11426231  1.15861468]]

 [[69.71573735 11.89327548  3.49957232  9.29519395  5.59622091]
  [63.46561827 10.28349159  3.18203243 14.51200672  8.556851  ]
  [92.53603675  3.01803538  0.93531328  2.21350079  1.2971138 ]
  ...
  [91.45352242  1.55405591  0.77275527  3.53631363  2.68335277]
  [81.80937642  3.37038538  1.64464994  8.06590077  5.10968749]
  [86.51995477  2.02005761  3.02359314  7.53430642  0.90208805]]

 [[63.46782041  9.78725396  9.3750461  13.15438362  4.2154959 ]
  [63.10677056 10.08300607  9.06675921 13.31826313  4.42520103]
  [82.95114446  6.71091459  3.37130959  5.5857528   1.38087857]
  ...
  [67.8043623   7.59861285 10.00470231 10.99434088  3.59798167]
  [71.78111775  6.09678307  7.97898982 10.13249597  4.01061338]
  [57.88810048  9.68077135  8.99244678 17.25464297  6.18403842]]

 ...

 [[74.53734131 10.19155776  7.83326995  5.98146684  1.45636414]
  [72.23736863 10.10159703  9.02487446  6.93770287  1.69845701]
  [84.46137595  7.65500322  3.91885067  3.23135057  0.73341959]
  ...
  [74.72889835 10.78969723  7.16182971  5.76460181  1.55497291]
  [84.88323687  6.85970099  4.00331567  3.33611057  0.9176359 ]
  [59.33322391 12.96218184 11.28705612 12.62372669  3.79381145]]

 [[72.12444127 10.77855559  4.74579275  7.94619993  4.40501045]
  [64.46811809  9.57625873  3.77074333 14.19861147  7.98626838]
  [53.52512421 22.61555382 10.1554193  10.01989904  3.68400363]
  ...
  [68.36026299 10.14115337  3.79143744 11.28497605  6.42217016]
  [71.98194464  8.51790809  2.93016639 10.5058325   6.06414839]
  [52.08246347 12.06011617 11.0834839  17.23441758  7.53951888]]

 [[70.6073042  10.13143645  8.12907708  8.24005329  2.89212899]
  [70.96975152 11.31774409  7.17744273  7.61501547  2.92004619]
  [97.41391975  1.08035731  0.68637412  0.63081139  0.18853743]
  ...
  [71.29450382  9.50471308  7.12047207  8.70299493  3.37731611]
  [77.56170968  8.71788951  5.26443727  5.95612572  2.4998378 ]
  [66.06204258 10.94208431  7.59775407 11.95993006  3.43818897]]]