[[[77.65307001  8.89537582  7.75232687  4.02210858  1.67711872]
  [81.24335456  7.48376767  6.13367815  3.75861944  1.38058017]
  [86.76460148  5.31128317  4.78614571  2.34960716  0.78836249]
  ...
  [94.80061286  1.51714433  1.01944938  1.79749843  0.865295  ]
  [96.766508    0.84220847  0.76585487  0.98229118  0.64313747]
  [73.91788698  9.77880936  6.87112628  6.23930761  3.19286976]]

 [[75.05277206 15.28543841  4.36216096  4.11767833  1.18195024]
  [67.79840937 20.50877456  6.02421946  4.46246918  1.20612744]
  [76.33071865 15.73217925  3.43171151  3.54858674  0.95680385]
  ...
  [79.1364187   6.47022598  2.77305527  7.28345386  4.33684618]
  [79.931181    5.6147803   3.31502961  7.86399704  3.27501205]
  [67.04792232 12.04971084  8.88393391  9.22425278  2.79418015]]

 [[54.02438354 11.03089477 14.70562167 15.82404869  4.41505132]
  [55.43800645 10.40566164 14.87253161 15.29317879  3.99062151]
  [57.70040976 10.89016661 13.93109001 14.29438407  3.18394956]
  ...
  [87.51331982  3.89475753  3.2833877   3.7508548   1.55768016]
  [74.39835081  7.74539595  8.40683493  7.57358793  1.87583039]
  [62.39363104  9.61955429 12.84766821 12.00866356  3.1304829 ]]

 ...

 [[67.84777334 16.95158727 10.12618317  4.10950371  0.96495251]
  [56.16102735 22.63451934 13.52137101  5.90812686  1.77495545]
  [66.82125943 18.11200295 10.49927774  3.66122407  0.90623581]
  ...
  [83.87728461  8.61090646  4.31134156  2.38256769  0.81789967]
  [95.16028155  2.20238977  1.17658442  0.91918684  0.54155742]
  [54.8069984  17.82675101  9.75597332 12.18069302  5.42958425]]

 [[60.76239562 24.90291759  8.38410485  5.41064069  0.53994125]
  [59.56117926 26.3086421   8.06479673  5.40649863  0.65888328]
  [57.65039011 27.09257305  8.9308239   5.73442101  0.59179193]
  ...
  [74.80721481 14.56316517  4.99820972  4.56745774  1.06395256]
  [76.08392929 13.7549298   4.7358921   4.60828373  0.81696507]
  [55.80226365 18.60572056 10.83929802 11.57271775  3.18000002]]

 [[94.36839617  2.11091089  1.44088687  1.35706402  0.72274206]
  [92.27366751  2.73326237  1.91006549  1.95473726  1.12826737]
  [97.2821684   0.77343777  0.80575426  0.84705495  0.29158462]
  ...
  [98.95864787  0.38932341  0.23230274  0.27841918  0.14130681]
  [95.73982523  1.45182642  0.88409694  1.18600869  0.73824272]
  [78.03287572  5.09088586  6.40817218  8.44396739  2.02409885]]]