[[[96.86160491  0.80620619  1.38913262  0.6495323   0.29352398]
  [97.93508391  0.6333266   0.64495868  0.50890386  0.27772695]
  [84.98653086  4.17496502  6.81361996  2.6992207   1.32566346]
  ...
  [95.57984581  1.5403877   0.88104573  1.1856299   0.81309086]
  [97.98333052  0.81730222  0.50155977  0.42869996  0.26910754]
  [88.95501103  3.86499328  3.51015468  2.69922475  0.97061625]]

 [[98.11860995  1.34363695  0.22027038  0.21102012  0.1064626 ]
  [98.06179242  1.45672958  0.21002679  0.17244653  0.09900469]
  [81.63103411  8.53342954  3.08476378  4.32963306  2.4211395 ]
  ...
  [95.86884951  1.95359381  0.50864668  0.95475736  0.71415264]
  [97.68607697  1.3598694   0.28531595  0.42801665  0.24072103]
  [69.06334857 10.57781147  9.04928865  7.73095763  3.57859369]]

 [[66.04827765 11.22339338  7.5883504  10.98487962  4.15509895]
  [70.34044686  9.22200275  6.20263741  9.98879093  4.24612205]
  [85.31586775  5.60166877  3.41134481  4.53340559  1.13771307]
  ...
  [90.45942859  3.12091955  1.53611575  3.22878092  1.65475519]
  [76.0684916   3.27851018  3.11900413 10.69889578  6.83509831]
  [75.21530475  4.36956244  6.14461324  9.82453752  4.44598205]]

 ...

 [[85.52840806  5.57902369  3.68923458  3.71126848  1.4920652 ]
  [81.45794716  7.29168025  4.54575638  4.79998464  1.90463157]
  [85.45935724  5.94901433  4.00706611  3.48014706  1.10441526]
  ...
  [65.64467888 11.41251829  9.85178907  9.43314998  3.65786378]
  [91.66241902  3.52150534  1.96016885  1.89410903  0.96179775]
  [71.91233438  9.17541727  7.35439633  9.19727834  2.36057368]]

 [[74.99598876  9.51723111  9.3206957   4.53722988  1.62885455]
  [74.02130949 10.05173417  8.14928132  5.58014649  2.19752852]
  [79.88561675  9.75346221  5.69497539  3.64802608  1.01791957]
  ...
  [69.84163271 11.86918618  9.6806119   5.86277302  2.74579619]
  [87.9392681   5.31776743  2.45274051  2.80844063  1.48178332]
  [49.26490978 16.78560443 12.10506695 14.76758001  7.07683883]]

 [[81.59796669  3.96243052  4.48203154  6.40177541  3.55579584]
  [77.29392609  4.59320857  6.11318851  7.79831256  4.20136428]
  [97.53959971  0.76451776  0.50701773  0.78700508  0.40185971]
  ...
  [99.00366464  0.28464608  0.27863491  0.29092636  0.14212802]
  [97.74622035  0.56760344  0.7076427   0.62192088  0.35661264]
  [55.11525082  4.89692718  7.47829256 22.73149292  9.77803652]]]