[[[9.19776071e+01 1.75289670e+00 4.83568293e+00 1.13699452e+00
   2.96818764e-01]
  [9.66432566e+01 8.63504644e-01 1.62057451e+00 6.06723603e-01
   2.65940673e-01]
  [8.45544504e+01 3.58475791e+00 9.42573957e+00 1.81361134e+00
   6.21440751e-01]
  ...
  [9.70102458e+01 1.25118355e+00 1.05856209e+00 4.61837043e-01
   2.18171545e-01]
  [9.58692495e+01 2.49067410e+00 9.84757305e-01 4.58124503e-01
   1.97194624e-01]
  [8.27138180e+01 5.71598361e+00 6.12514894e+00 3.48222998e+00
   1.96281945e+00]]

 [[7.38732711e+01 7.82778518e+00 4.97058236e+00 7.81712988e+00
   5.51123152e+00]
  [7.72598082e+01 6.71050229e+00 4.64335442e+00 6.75936318e+00
   4.62697186e+00]
  [8.87318638e+01 5.45993073e+00 1.53639033e+00 2.75531162e+00
   1.51650356e+00]
  ...
  [8.71191212e+01 3.57239570e+00 2.54325037e+00 4.03490279e+00
   2.73032994e+00]
  [7.43956678e+01 6.86504956e+00 5.89139935e+00 7.74193445e+00
   5.10594887e+00]
  [5.65672113e+01 9.35374983e+00 8.50579069e+00 1.61896827e+01
   9.38356551e+00]]

 [[5.87956184e+01 5.19673659e+00 4.94503069e+00 2.07878356e+01
   1.02747787e+01]
  [4.64527494e+01 3.97557753e+00 4.08618326e+00 2.97107694e+01
   1.57747204e+01]
  [6.18609644e+01 8.75101179e+00 6.24541365e+00 1.64615223e+01
   6.68108792e+00]
  ...
  [6.12372021e+01 4.68911396e+00 4.50330733e+00 1.77789090e+01
   1.17914676e+01]
  [4.99307258e+01 1.84456075e+00 2.20265836e+00 3.02079211e+01
   1.58141340e+01]
  [7.89632179e+01 4.42600387e+00 1.45719840e+00 8.31762346e+00
   6.83595638e+00]]

 ...

 [[6.26280630e+01 1.84401612e+01 1.17701327e+01 5.75660183e+00
   1.40504135e+00]
  [6.83883991e+01 1.50675722e+01 9.44072331e+00 5.67903124e+00
   1.42427406e+00]
  [3.74673979e+01 3.54708491e+01 2.01884737e+01 5.89543711e+00
   9.77842205e-01]
  ...
  [7.33678245e+01 1.08199829e+01 7.54700462e+00 6.59925952e+00
   1.66592842e+00]
  [8.24506781e+01 7.32948503e+00 4.72633788e+00 4.48387287e+00
   1.00962615e+00]
  [8.10888075e+01 6.68344742e+00 5.45884013e+00 5.34726193e+00
   1.42164301e+00]]

 [[7.63915990e+01 8.56010646e+00 5.46736071e+00 6.59957360e+00
   2.98136024e+00]
  [7.31848652e+01 9.20848831e+00 5.12528222e+00 8.23854766e+00
   4.24281665e+00]
  [6.60664248e+01 1.39364778e+01 9.84671428e+00 7.12220357e+00
   3.02817957e+00]
  ...
  [7.01703653e+01 1.07061021e+01 4.96869640e+00 8.93719961e+00
   5.21763658e+00]
  [8.39405033e+01 6.69734901e+00 2.64145956e+00 4.32882876e+00
   2.39185935e+00]
  [7.01647727e+01 9.92214384e+00 6.94111320e+00 9.71811680e+00
   3.25385348e+00]]

 [[9.81874091e+01 6.44945710e-01 4.85779915e-01 4.77488037e-01
   2.04377266e-01]
  [9.82286963e+01 3.92574491e-01 5.15261342e-01 5.66467972e-01
   2.96999878e-01]
  [9.96314962e+01 1.39165367e-01 8.84787830e-02 9.71532965e-02
   4.37063194e-02]
  ...
  [9.13150995e+01 3.60510805e+00 2.26254196e+00 2.03277323e+00
   7.84477245e-01]
  [9.72742804e+01 1.07001165e+00 5.59555794e-01 7.22976459e-01
   3.73175705e-01]
  [4.72449025e+01 5.51627401e+00 1.99032037e+01 1.90394859e+01
   8.29613384e+00]]]