[[84.86919983  5.33049734  6.67053502  2.27997435  0.84979346]
 [91.94055357  2.80509387  3.47478506  1.32519508  0.45437242]
 [87.29033466  4.13918369  6.34042766  1.74115426  0.48889973]
 [87.75488778  3.81102351  6.45340028  1.5641076   0.41658083]
 [53.17771304 11.87964496 27.57478684  5.66899075  1.69886441]
 [85.21993398  3.18666336  9.76040485  1.5148248   0.31817301]
 [29.04238818 12.20810438 53.44836135  4.59594006  0.70520602]
 [25.7710325   8.66201812 61.46448901  3.64739236  0.45506802]
 [23.69997562  9.76873549 61.90510409  4.11960823  0.50657656]
 [21.53770816 10.56846095 62.80254427  4.46265982  0.6286268 ]
 [82.27580746  6.55978031  7.4070854   2.89131453  0.8660123 ]
 [79.1419787   6.92223642  9.37117604  3.39950517  1.16510368]
 [48.6344862  11.66898154 22.61771605 10.71977194  6.35904427]
 [48.68291148 12.40910188 28.35722236  8.48854874  2.06221554]
 [26.46489454 11.43636551 54.40612256  6.72100183  0.97161557]
 [23.21876514 10.66537679 58.56425323  6.67895196  0.87265287]
 [78.49524087  8.99108651  7.9488666   3.52603282  1.0387732 ]
 [92.03312772  1.49453198  5.25399503  0.9753074   0.24303786]
 [26.56150129 12.39011277 51.58415574  8.2905462   1.17368399]
 [23.7295656  10.67949298 60.55702753  4.42092472  0.61298918]
 [93.66550366  1.93061014  2.88066874  1.06238561  0.46083184]
 [71.24857613  7.59551531 15.9553063   3.98551202  1.21509024]
 [38.38676979 12.61649438 40.95433273  6.63564228  1.40676081]
 [31.97603604 10.83393581 49.91099866  6.26091554  1.01811395]
 [93.75693366  2.25426614  2.70735307  0.99693712  0.28451002]
 [93.91467303  2.11487398  2.66861653  0.97383176  0.32800469]
 [85.95450381  4.90914918  6.38175459  2.09804128  0.65655114]
 [83.49856564  6.35522316  7.03005046  2.45562383  0.66053691]
 [57.01574478 17.56346258 16.13936943  7.19545857  2.08596464]
 [60.36908851 14.76525263 15.4502911   7.01588147  2.39948628]
 [30.96982216 13.24204545 45.18143358  8.996266    1.61043281]
 [31.26851405 13.18032708 44.37743158  9.61719425  1.55653305]
 [97.20734796  1.04309406  0.7783675   0.70135037  0.26984011]
 [97.32525692  0.71729855  1.04030923  0.59660446  0.32053085]
 [73.05765834  8.90539621  9.82183982  5.6856005   2.52950513]]