[[86.57283863  4.49332226  6.50209321  1.78182415  0.64992175]
 [93.07453315  2.37301266  3.21757149  1.01107101  0.32381168]
 [87.19251737  3.53065649  7.36983452  1.53175274  0.37523889]
 [87.80869824  3.19425689  7.4245751   1.27275618  0.29971359]
 [49.28797818  9.41592866 34.7488719   5.17813376  1.36908751]
 [85.57212415  2.33634368 10.69968462  1.1352914   0.25655614]
 [21.23552568  8.97768945 65.33816773  4.00006322  0.44855392]
 [17.0092837   6.75713104 72.8588593   3.09561225  0.27911371]
 [15.47811559  6.60622835 74.10471512  3.5133617   0.29757924]
 [11.86480821  7.25234347 76.86351226  3.65203269  0.36730338]
 [83.6975336   5.35065389  7.90460766  2.3785759   0.66862895]
 [79.35208548  5.64974481 11.10580649  2.8684973   1.02386592]
 [42.30168852 10.16286195 31.08497925 10.71135443  5.73911585]
 [35.22527082 11.62988919 40.27573939 10.51674838  2.35235223]
 [16.83700673  7.96815157 68.57286439  5.90554279  0.71643453]
 [14.24350559  8.49932211 70.88786084  5.77932126  0.5899902 ]
 [80.38982906  6.99791638  8.74193033  3.01036536  0.85995887]
 [91.09632816  1.19862112  6.66682395  0.85959877  0.178628  ]
 [18.21934574  9.94258332 63.7722096   7.21801741  0.84784392]
 [14.3847199   7.08087798 74.53058557  3.65206887  0.35174768]
 [95.43059723  1.12425169  2.49588758  0.67198258  0.27728092]
 [68.82178645  6.15924709 20.10417752  3.78335289  1.13143605]
 [28.90183791  9.52716594 54.31123371  6.23767918  1.02208326]
 [23.37667926  8.17412228 61.83047323  5.75031665  0.86840858]
 [95.19400797  1.52780288  2.4340381   0.67185723  0.17229382]
 [93.98450105  1.98500837  2.93734459  0.82878488  0.26436111]
 [86.31238891  4.4816239   6.83904137  1.83166306  0.53528276]
 [85.0482499   5.3672351   7.02951494  2.04830652  0.50669355]
 [49.37187407 17.530308   23.41838458  7.63767065  2.04176269]
 [53.8207134  13.64898113 22.91077778  7.06586014  2.55366755]
 [20.99347408 10.1124125  59.41564785  8.19024743  1.28821814]
 [22.17977757 11.57498257 55.21261928  9.75729524  1.27532534]
 [98.08718411  0.4567658   0.72326082  0.51949295  0.21329632]
 [97.12760677  0.76332419  1.3164759   0.53621009  0.25638304]
 [69.34810123  7.90766519 14.62736889  5.57936895  2.53749574]]