[[76.66018962  8.04688935 10.62093625  3.44318242  1.22880236]
 [82.78931681  5.87879645  7.68452907  2.7061477   0.94120997]
 [81.08907249  6.27735349  9.75769218  2.28718094  0.58870089]
 [73.96623818  8.35968327 13.96228492  3.04172947  0.67006416]
 [49.67116137 14.67497679 29.56594513  4.89305256  1.19486415]
 [61.91787367  8.77839003 25.01324705  3.69293914  0.59755011]
 [33.5073051  14.75557256 47.54615531  3.67363068  0.51733635]
 [30.95023533  9.91248906 55.27857896  3.45065001  0.40804664]
 [30.42596022 12.94862968 52.55207323  3.59372588  0.47961099]
 [29.05195013 13.5714485  52.75641232  4.0327376   0.58745145]
 [67.0481618  12.13696229 14.18343657  5.26927683  1.36216251]
 [62.9076759  13.40628374 16.42820689  5.64659426  1.61123921]
 [50.57896422 14.89477895 23.16562159  8.15990562  3.20072963]
 [46.40402221 14.4358828  29.16886355  8.2870072   1.70422425]
 [35.06063735 13.30564897 45.15157502  5.69255103  0.78958764]
 [28.9539391  11.33345511 52.75745051  6.1690038   0.78615148]
 [65.19922384 14.72159859 12.86089406  5.62605241  1.5922311 ]
 [86.84311966  2.58877915  8.85337778  1.4163717   0.29835171]
 [30.87084699 12.77672906 47.81526467  7.49307063  1.04408864]
 [30.75978272 14.31807132 50.43783266  3.90065645  0.58365685]
 [80.53728027  6.47006999  9.51882292  2.65592283  0.81790399]
 [56.41357006 12.66344044 24.44225111  5.39918366  1.08155474]
 [41.30329113 15.13311694 36.95266553  5.4449797   1.16594671]
 [32.57358795 12.67602133 48.01388178  5.88111795  0.85539099]
 [88.02698238  4.10269102  5.4414218   1.91277621  0.51612859]
 [87.9954394   4.2035451   5.38070387  1.82930736  0.59100427]
 [78.799802    7.42672298  9.80542054  3.06950707  0.89854741]
 [74.17239847  9.89431144 11.12200018  3.85536773  0.95592219]
 [56.98189253 17.58850423 16.42198883  7.13880423  1.86881019]
 [59.27206861 15.87761305 15.45528782  7.30642173  2.08860879]
 [39.93259739 13.56493022 37.45300406  7.74226292  1.30720541]
 [34.55403666 12.72644235 42.89822811  8.46465298  1.35663992]
 [93.32838498  3.09662261  1.78268692  1.39456951  0.39773598]
 [96.12730962  1.00717609  1.68409103  0.76298973  0.41843352]
 [74.10081886  8.80839489  9.46166465  5.6170126   2.01210901]]