[[88.00828946  4.14995414  5.36134971  1.83064627  0.64976042]
 [94.75582093  1.75199817  2.31130842  0.89186296  0.28900953]
 [90.28756691  3.18612341  4.73327378  1.38713698  0.40589893]
 [91.48559354  2.68443141  4.29569218  1.21660843  0.31767444]
 [58.16580369 10.74125506 23.5509677   5.5384938   2.00347975]
 [90.93744159  1.92270589  5.93030062  1.01915836  0.19039353]
 [32.01362759 11.58827442 50.70756551  4.88443633  0.80609615]
 [28.95125103  8.64167496 58.12200691  3.84027777  0.44478933]
 [26.33192414  9.54147777 59.09023706  4.49806833  0.53829271]
 [23.05121622 10.61205381 60.65468564  5.0087658   0.67327852]
 [87.99455525  4.36916208  5.06959469  1.95078759  0.61590039]
 [85.15352392  4.90200499  6.5077585   2.59555021  0.84116237]
 [49.35678032 10.33757984 20.18828421 11.18502289  8.93233274]
 [58.4670521  10.72659673 21.69758102  7.23777683  1.87099331]
 [27.67517477 11.33515146 52.99981561  6.95564542  1.03421274]
 [23.17370311 10.88714305 57.74344108  7.29772471  0.89798804]
 [83.52162377  7.07774549  5.96690577  2.66445834  0.76926663]
 [94.82953793  0.97795696  3.37120986  0.65585164  0.16544361]
 [26.35180913 13.27866831 49.66490842  9.44244076  1.26217338]
 [26.54186131 10.44770884 57.45874699  4.90135719  0.65032567]
 [95.9907984   1.23751638  1.71386481  0.70970011  0.3481203 ]
 [78.47765736  5.8307152  11.49639821  3.22161647  0.97361276]
 [42.45840585 11.71644339 37.88159059  6.41732351  1.52623666]
 [34.16046139 10.78503707 47.91499629  6.22198635  0.9175189 ]
 [95.78761129  1.53783264  1.81544523  0.67050906  0.18860178]
 [96.1306354   1.32719301  1.67444528  0.65887865  0.20884767]
 [89.74661479  3.5048803   4.75538578  1.52502059  0.46809854]
 [88.2126594   4.47851284  5.14764416  1.69680846  0.46437514]
 [56.6256718  18.7222788  15.22494386  7.21434166  2.21276388]
 [59.43992113 16.16660086 14.26807598  7.58754915  2.53785288]
 [30.67222182 14.015511   44.33770677  9.22529419  1.74926623]
 [31.09039265 14.52466074 42.4127937  10.28496976  1.68718315]
 [97.72339277  0.89549913  0.5952202   0.55215969  0.23372822]
 [98.3338153   0.44889721  0.57882767  0.4251733   0.21328652]
 [74.18644471  9.784441    7.78535066  5.63933297  2.60443066]]