[[77.65307001  8.89537582  7.75232687  4.02210858  1.67711872]
 [81.24335456  7.48376767  6.13367815  3.75861944  1.38058017]
 [86.76460148  5.31128317  4.78614571  2.34960716  0.78836249]
 [82.44048691  7.36146401  6.10549268  3.0336292   1.05892719]
 [57.73892528 14.55058359 17.32248064  7.8564574   2.53155309]
 [63.54340462 13.30432265 15.53430521  6.07859278  1.53937473]
 [39.47941967 19.11869409 30.62399781  8.76526355  2.01262488]
 [42.86719324 16.88488846 31.00956155  7.50789623  1.73046052]
 [38.17862155 16.10373672 35.91108642  8.17014858  1.63640673]
 [40.58010628 16.99977162 32.09893228  8.44603968  1.87515015]
 [73.15173763 11.71242964  8.27785509  5.10989175  1.74808589]
 [72.31725661 11.25548357  8.57117184  5.63325457  2.22283341]
 [45.2959582  13.98667282 17.46275124 15.17526822  8.07934952]
 [50.68564354 14.60368584 23.36466642  8.73042535  2.61557885]
 [34.19188804 18.1634619  34.35607427 11.2185712   2.07000459]
 [37.25199311 15.94776587 35.05186408  9.80584508  1.94253186]
 [70.05784417 14.58296406  8.17818811  5.44439243  1.73661123]
 [92.47875596  2.28159263  3.123773    1.57211047  0.54376794]
 [35.98258125 15.81178662 35.64301362 10.53555748  2.02706103]
 [39.24983501 16.59699391 33.81721397  8.51582782  1.8201293 ]
 [70.1129674  10.54657583  9.5024942   6.46345092  3.37451165]
 [67.11979376 12.12027013 12.12531846  6.09501121  2.53960644]
 [43.69649555 17.48079677 25.63812976 10.57801787  2.60656005]
 [44.69133017 16.21118022 27.79684339  9.26940059  2.03124564]
 [77.41228327  9.60236472  7.61046264  4.05396766  1.32092172]
 [83.50987558  6.75336378  5.17336394  3.33108539  1.23231131]
 [79.73573263  8.07229036  7.22589075  3.63781241  1.32827384]
 [70.34251262 13.04135337 10.0287707   5.03862893  1.54873438]
 [63.39280562 16.89422477 10.2881763   7.12274155  2.30205177]
 [67.33495492 14.12568095  9.55416108  6.48654012  2.49866293]
 [35.09700822 17.31439843 32.69386654 12.35694432  2.53778249]
 [39.02078089 15.15157896 33.06364978 10.58493     2.17906038]
 [94.80061286  1.51714433  1.01944938  1.79749843  0.865295  ]
 [96.766508    0.84220847  0.76585487  0.98229118  0.64313747]
 [73.91788698  9.77880936  6.87112628  6.23930761  3.19286976]]